1 69 99 179 224 311 392 404 482 492 566 605 621 660 740 768 796 869 916 924 
2 70 100 180 225 312 393 405 483 493 567 606 622 661 741 769 797 870 917 925 
3 71 101 181 226 313 394 406 440 494 568 607 623 662 742 770 798 871 918 926 
4 72 102 182 227 314 395 407 441 495 569 608 624 663 743 771 799 872 919 927 
5 73 103 183 228 315 352 408 442 496 570 609 625 664 744 772 800 873 920 928 
6 74 104 184 229 316 353 409 443 497 571 610 626 665 745 773 801 874 921 929 
7 75 105 185 230 317 354 410 444 498 528 611 627 666 746 774 802 875 922 930 
8 76 106 186 231 318 355 411 445 499 529 612 628 667 747 775 803 876 923 931 
9 77 107 187 232 319 356 412 446 500 530 613 629 668 704 776 804 877 880 932 
10 78 108 188 233 320 357 413 447 501 531 614 630 669 705 777 805 878 881 933 
11 79 109 189 234 321 358 414 448 502 532 615 631 670 706 778 806 879 882 934 
12 80 110 190 235 322 359 415 449 503 533 572 632 671 707 779 807 836 883 935 
13 81 111 191 236 323 360 416 450 504 534 573 633 672 708 780 808 837 884 936 
14 82 112 192 237 324 361 417 451 505 535 574 634 673 709 781 809 838 885 937 
15 83 113 193 238 325 362 418 452 506 536 575 635 674 710 782 810 839 886 938 
16 84 114 194 239 326 363 419 453 507 537 576 636 675 711 783 811 840 887 939 
17 85 115 195 240 327 364 420 454 508 538 577 637 676 712 784 812 841 888 940 
18 86 116 196 241 328 365 421 455 509 539 578 638 677 713 785 813 842 889 941 
19 87 117 197 242 329 366 422 456 510 540 579 639 678 714 786 814 843 890 942 
20 44 118 198 243 330 367 423 457 511 541 580 640 679 715 787 815 844 891 943 
21 45 119 199 244 331 368 424 458 512 542 581 641 680 716 788 816 845 892 944 
22 46 120 200 245 332 369 425 459 513 543 582 642 681 717 789 817 846 893 945 
23 47 121 201 246 333 370 426 460 514 544 583 643 682 718 790 818 847 894 946 
24 48 122 202 247 334 371 427 461 515 545 584 644 683 719 791 819 848 895 947 
25 49 123 203 248 335 372 428 462 516 546 585 645 684 720 748 820 849 896 948 
26 50 124 204 249 336 373 429 463 517 547 586 646 685 721 749 821 850 897 949 
27 51 125 205 250 337 374 430 464 518 548 587 647 686 722 750 822 851 898 950 
28 52 126 206 251 338 375 431 465 519 549 588 648 687 723 751 823 852 899 951 
29 53 127 207 252 339 376 432 466 520 550 589 649 688 724 752 824 853 900 952 
30 54 128 208 253 340 377 433 467 521 551 590 650 689 725 753 825 854 901 953 
31 55 129 209 254 341 378 434 468 522 552 591 651 690 726 754 826 855 902 954 
32 56 130 210 255 342 379 435 469 523 553 592 652 691 727 755 827 856 903 955 
33 57 131 211 256 343 380 436 470 524 554 593 653 692 728 756 828 857 904 956 
34 58 88 212 257 344 381 437 471 525 555 594 654 693 729 757 829 858 905 957 
35 59 89 213 258 345 382 438 472 526 556 595 655 694 730 758 830 859 906 958 
36 60 90 214 259 346 383 439 473 527 557 596 656 695 731 759 831 860 907 959 
37 61 91 215 260 347 384 396 474 484 558 597 657 696 732 760 832 861 908 960 
38 62 92 216 261 348 385 397 475 485 559 598 658 697 733 761 833 862 909 961 
39 63 93 217 262 349 386 398 476 486 560 599 659 698 734 762 834 863 910 962 
40 64 94 218 263 350 387 399 477 487 561 600 616 699 735 763 835 864 911 963 
41 65 95 219 220 351 388 400 478 488 562 601 617 700 736 764 792 865 912 964 
42 66 96 176 221 308 389 401 479 489 563 602 618 701 737 765 793 866 913 965 
43 67 97 177 222 309 390 402 480 490 564 603 619 702 738 766 794 867 914 966 
0 68 98 178 223 310 391 403 481 491 565 604 620 703 739 767 795 868 915 967 
50 168 216 223 276 343 355 481 505 540 599 630 688 704 748 797 836 880 924 968 
51 169 217 224 277 344 356 482 506 541 600 631 689 705 749 798 837 881 925 969 
52 170 218 225 278 345 357 483 507 542 601 632 690 706 750 799 838 882 926 970 
53 171 219 226 279 346 358 440 508 543 602 633 691 707 751 800 839 883 927 971 
54 172 176 227 280 347 359 441 509 544 603 634 692 708 752 801 840 884 928 972 
55 173 177 228 281 348 360 442 510 545 604 635 693 709 753 802 841 885 929 973 
56 174 178 229 282 349 361 443 511 546 605 636 694 710 754 803 842 886 930 974 
57 175 179 230 283 350 362 444 512 547 606 637 695 711 755 804 843 887 931 975 
58 132 180 231 284 351 363 445 513 548 607 638 696 712 756 805 844 888 932 976 
59 133 181 232 285 308 364 446 514 549 608 639 697 713 757 806 845 889 933 977 
60 134 182 233 286 309 365 447 515 550 609 640 698 714 758 807 846 890 934 978 
61 135 183 234 287 310 366 448 516 551 610 641 699 715 759 808 847 891 935 979 
62 136 184 235 288 311 367 449 517 552 611 642 700 716 760 809 848 892 936 980 
63 137 185 236 289 312 368 450 518 553 612 643 701 717 761 810 849 893 937 981 
64 138 186 237 290 313 369 451 519 554 613 644 702 718 762 811 850 894 938 982 
65 139 187 238 291 314 370 452 520 555 614 645 703 719 763 812 851 895 939 983 
66 140 188 239 292 315 371 453 521 556 615 646 660 720 764 813 852 896 940 984 
67 141 189 240 293 316 372 454 522 557 572 647 661 721 765 814 853 897 941 985 
68 142 190 241 294 317 373 455 523 558 573 648 662 722 766 815 854 898 942 986 
69 143 191 242 295 318 374 456 524 559 574 649 663 723 767 816 855 899 943 987 
70 144 192 243 296 319 375 457 525 560 575 650 664 724 768 817 856 900 944 988 
71 145 193 244 297 320 376 458 526 561 576 651 665 725 769 818 857 901 945 989 
72 146 194 245 298 321 377 459 527 562 577 652 666 726 770 819 858 902 946 990 
73 147 195 246 299 322 378 460 484 563 578 653 667 727 771 820 859 903 947 991 
74 148 196 247 300 323 379 461 485 564 579 654 668 728 772 821 860 904 948 992 
75 149 197 248 301 324 380 462 486 565 580 655 669 729 773 822 861 905 949 993 
76 150 198 249 302 325 381 463 487 566 581 656 670 730 774 823 862 906 950 994 
77 151 199 250 303 326 382 464 488 567 582 657 671 731 775 824 863 907 951 995 
78 152 200 251 304 327 383 465 489 568 583 658 672 732 776 825 864 908 952 996 
79 153 201 252 305 328 384 466 490 569 584 659 673 733 777 826 865 909 953 997 
80 154 202 253 306 329 385 467 491 570 585 616 674 734 778 827 866 910 954 998 
81 155 203 254 307 330 386 468 492 571 586 617 675 735 779 828 867 911 955 999 
82 156 204 255 264 331 387 469 493 528 587 618 676 736 780 829 868 912 956 1000 
83 157 205 256 265 332 388 470 494 529 588 619 677 737 781 830 869 913 957 1001 
84 158 206 257 266 333 389 471 495 530 589 620 678 738 782 831 870 914 958 1002 
85 159 207 258 267 334 390 472 496 531 590 621 679 739 783 832 871 915 959 1003 
86 160 208 259 268 335 391 473 497 532 591 622 680 740 784 833 872 916 960 1004 
87 161 209 260 269 336 392 474 498 533 592 623 681 741 785 834 873 917 961 1005 
44 162 210 261 270 337 393 475 499 534 593 624 682 742 786 835 874 918 962 1006 
45 163 211 262 271 338 394 476 500 535 594 625 683 743 787 792 875 919 963 1007 
46 164 212 263 272 339 395 477 501 536 595 626 684 744 788 793 876 920 964 1008 
47 165 213 220 273 340 352 478 502 537 596 627 685 745 789 794 877 921 965 1009 
48 166 214 221 274 341 353 479 503 538 597 628 686 746 790 795 878 922 966 1010 
49 167 215 222 275 342 354 480 504 539 598 629 687 747 791 796 879 923 967 1011 
7 81 127 136 199 285 383 420 443 501 565 581 658 694 720 748 815 851 968 1012 
8 82 128 137 200 286 384 421 444 502 566 582 659 695 721 749 816 852 969 1013 
9 83 129 138 201 287 385 422 445 503 567 583 616 696 722 750 817 853 970 1014 
10 84 130 139 202 288 386 423 446 504 568 584 617 697 723 751 818 854 971 1015 
11 85 131 140 203 289 387 424 447 505 569 585 618 698 724 752 819 855 972 1016 
12 86 88 141 204 290 388 425 448 506 570 586 619 699 725 753 820 856 973 1017 
13 87 89 142 205 291 389 426 449 507 571 587 620 700 726 754 821 857 974 1018 
14 44 90 143 206 292 390 427 450 508 528 588 621 701 727 755 822 858 975 1019 
15 45 91 144 207 293 391 428 451 509 529 589 622 702 728 756 823 859 976 1020 
16 46 92 145 208 294 392 429 452 510 530 590 623 703 729 757 824 860 977 1021 
17 47 93 146 209 295 393 430 453 511 531 591 624 660 730 758 825 861 978 1022 
18 48 94 147 210 296 394 431 454 512 532 592 625 661 731 759 826 862 979 1023 
19 49 95 148 211 297 395 432 455 513 533 593 626 662 732 760 827 863 980 1024 
20 50 96 149 212 298 352 433 456 514 534 594 627 663 733 761 828 864 981 1025 
21 51 97 150 213 299 353 434 457 515 535 595 628 664 734 762 829 865 982 1026 
22 52 98 151 214 300 354 435 458 516 536 596 629 665 735 763 830 866 983 1027 
23 53 99 152 215 301 355 436 459 517 537 597 630 666 736 764 831 867 984 1028 
24 54 100 153 216 302 356 437 460 518 538 598 631 667 737 765 832 868 985 1029 
25 55 101 154 217 303 357 438 461 519 539 599 632 668 738 766 833 869 986 1030 
26 56 102 155 218 304 358 439 462 520 540 600 633 669 739 767 834 870 987 1031 
27 57 103 156 219 305 359 396 463 521 541 601 634 670 740 768 835 871 988 1032 
28 58 104 157 176 306 360 397 464 522 542 602 635 671 741 769 792 872 989 1033 
29 59 105 158 177 307 361 398 465 523 543 603 636 672 742 770 793 873 990 1034 
30 60 106 159 178 264 362 399 466 524 544 604 637 673 743 771 794 874 991 1035 
31 61 107 160 179 265 363 400 467 525 545 605 638 674 744 772 795 875 992 1036 
32 62 108 161 180 266 364 401 468 526 546 606 639 675 745 773 796 876 993 1037 
33 63 109 162 181 267 365 402 469 527 547 607 640 676 746 774 797 877 994 1038 
34 64 110 163 182 268 366 403 470 484 548 608 641 677 747 775 798 878 995 1039 
35 65 111 164 183 269 367 404 471 485 549 609 642 678 704 776 799 879 996 1040 
36 66 112 165 184 270 368 405 472 486 550 610 643 679 705 777 800 836 997 1041 
37 67 113 166 185 271 369 406 473 487 551 611 644 680 706 778 801 837 998 1042 
38 68 114 167 186 272 370 407 474 488 552 612 645 681 707 779 802 838 999 1043 
39 69 115 168 187 273 371 408 475 489 553 613 646 682 708 780 803 839 1000 1044 
40 70 116 169 188 274 372 409 476 490 554 614 647 683 709 781 804 840 1001 1045 
41 71 117 170 189 275 373 410 477 491 555 615 648 684 710 782 805 841 1002 1046 
42 72 118 171 190 276 374 411 478 492 556 572 649 685 711 783 806 842 1003 1047 
43 73 119 172 191 277 375 412 479 493 557 573 650 686 712 784 807 843 1004 1048 
0 74 120 173 192 278 376 413 480 494 558 574 651 687 713 785 808 844 1005 1049 
1 75 121 174 193 279 377 414 481 495 559 575 652 688 714 786 809 845 1006 1050 
2 76 122 175 194 280 378 415 482 496 560 576 653 689 715 787 810 846 1007 1051 
3 77 123 132 195 281 379 416 483 497 561 577 654 690 716 788 811 847 1008 1052 
4 78 124 133 196 282 380 417 440 498 562 578 655 691 717 789 812 848 1009 1053 
5 79 125 134 197 283 381 418 441 499 563 579 656 692 718 790 813 849 1010 1054 
6 80 126 135 198 284 382 419 442 500 564 580 657 693 719 791 814 850 1011 1055 
6 94 147 256 277 318 363 416 449 486 557 576 629 690 744 752 803 858 916 1012 
7 95 148 257 278 319 364 417 450 487 558 577 630 691 745 753 804 859 917 1013 
8 96 149 258 279 320 365 418 451 488 559 578 631 692 746 754 805 860 918 1014 
9 97 150 259 280 321 366 419 452 489 560 579 632 693 747 755 806 861 919 1015 
10 98 151 260 281 322 367 420 453 490 561 580 633 694 704 756 807 862 920 1016 
11 99 152 261 282 323 368 421 454 491 562 581 634 695 705 757 808 863 921 1017 
12 100 153 262 283 324 369 422 455 492 563 582 635 696 706 758 809 864 922 1018 
13 101 154 263 284 325 370 423 456 493 564 583 636 697 707 759 810 865 923 1019 
14 102 155 220 285 326 371 424 457 494 565 584 637 698 708 760 811 866 880 1020 
15 103 156 221 286 327 372 425 458 495 566 585 638 699 709 761 812 867 881 1021 
16 104 157 222 287 328 373 426 459 496 567 586 639 700 710 762 813 868 882 1022 
17 105 158 223 288 329 374 427 460 497 568 587 640 701 711 763 814 869 883 1023 
18 106 159 224 289 330 375 428 461 498 569 588 641 702 712 764 815 870 884 1024 
19 107 160 225 290 331 376 429 462 499 570 589 642 703 713 765 816 871 885 1025 
20 108 161 226 291 332 377 430 463 500 571 590 643 660 714 766 817 872 886 1026 
21 109 162 227 292 333 378 431 464 501 528 591 644 661 715 767 818 873 887 1027 
22 110 163 228 293 334 379 432 465 502 529 592 645 662 716 768 819 874 888 1028 
23 111 164 229 294 335 380 433 466 503 530 593 646 663 717 769 820 875 889 1029 
24 112 165 230 295 336 381 434 467 504 531 594 647 664 718 770 821 876 890 1030 
25 113 166 231 296 337 382 435 468 505 532 595 648 665 719 771 822 877 891 1031 
26 114 167 232 297 338 383 436 469 506 533 596 649 666 720 772 823 878 892 1032 
27 115 168 233 298 339 384 437 470 507 534 597 650 667 721 773 824 879 893 1033 
28 116 169 234 299 340 385 438 471 508 535 598 651 668 722 774 825 836 894 1034 
29 117 170 235 300 341 386 439 472 509 536 599 652 669 723 775 826 837 895 1035 
30 118 171 236 301 342 387 396 473 510 537 600 653 670 724 776 827 838 896 1036 
31 119 172 237 302 343 388 397 474 511 538 601 654 671 725 777 828 839 897 1037 
32 120 173 238 303 344 389 398 475 512 539 602 655 672 726 778 829 840 898 1038 
33 121 174 239 304 345 390 399 476 513 540 603 656 673 727 779 830 841 899 1039 
34 122 175 240 305 346 391 400 477 514 541 604 657 674 728 780 831 842 900 1040 
35 123 132 241 306 347 392 401 478 515 542 605 658 675 729 781 832 843 901 1041 
36 124 133 242 307 348 393 402 479 516 543 606 659 676 730 782 833 844 902 1042 
37 125 134 243 264 349 394 403 480 517 544 607 616 677 731 783 834 845 903 1043 
38 126 135 244 265 350 395 404 481 518 545 608 617 678 732 784 835 846 904 1044 
39 127 136 245 266 351 352 405 482 519 546 609 618 679 733 785 792 847 905 1045 
40 128 137 246 267 308 353 406 483 520 547 610 619 680 734 786 793 848 906 1046 
41 129 138 247 268 309 354 407 440 521 548 611 620 681 735 787 794 849 907 1047 
42 130 139 248 269 310 355 408 441 522 549 612 621 682 736 788 795 850 908 1048 
43 131 140 249 270 311 356 409 442 523 550 613 622 683 737 789 796 851 909 1049 
0 88 141 250 271 312 357 410 443 524 551 614 623 684 738 790 797 852 910 1050 
1 89 142 251 272 313 358 411 444 525 552 615 624 685 739 791 798 853 911 1051 
2 90 143 252 273 314 359 412 445 526 553 572 625 686 740 748 799 854 912 1052 
3 91 144 253 274 315 360 413 446 527 554 573 626 687 741 749 800 855 913 1053 
4 92 145 254 275 316 361 414 447 484 555 574 627 688 742 750 801 856 914 1054 
5 93 146 255 276 317 362 415 448 485 556 575 628 689 743 751 802 857 915 1055 

