50 117 363 435 535 572 
51 118 364 436 536 573 
52 119 365 437 537 574 
53 120 366 438 538 575 
54 121 367 439 539 576 
55 122 368 396 540 577 
56 123 369 397 541 578 
57 124 370 398 542 579 
58 125 371 399 543 580 
59 126 372 400 544 581 
60 127 373 401 545 582 
61 128 374 402 546 583 
62 129 375 403 547 584 
63 130 376 404 548 585 
64 131 377 405 549 586 
65 88 378 406 550 587 
66 89 379 407 551 588 
67 90 380 408 552 589 
68 91 381 409 553 590 
69 92 382 410 554 591 
70 93 383 411 555 592 
71 94 384 412 556 593 
72 95 385 413 557 594 
73 96 386 414 558 595 
74 97 387 415 559 596 
75 98 388 416 560 597 
76 99 389 417 561 598 
77 100 390 418 562 599 
78 101 391 419 563 600 
79 102 392 420 564 601 
80 103 393 421 565 602 
81 104 394 422 566 603 
82 105 395 423 567 604 
83 106 352 424 568 605 
84 107 353 425 569 606 
85 108 354 426 570 607 
86 109 355 427 571 608 
87 110 356 428 528 609 
44 111 357 429 529 610 
45 112 358 430 530 611 
46 113 359 431 531 612 
47 114 360 432 532 613 
48 115 361 433 533 614 
49 116 362 434 534 615 
17 91 373 421 660 704 
18 92 374 422 661 705 
19 93 375 423 662 706 
20 94 376 424 663 707 
21 95 377 425 664 708 
22 96 378 426 665 709 
23 97 379 427 666 710 
24 98 380 428 667 711 
25 99 381 429 668 712 
26 100 382 430 669 713 
27 101 383 431 670 714 
28 102 384 432 671 715 
29 103 385 433 672 716 
30 104 386 434 673 717 
31 105 387 435 674 718 
32 106 388 436 675 719 
33 107 389 437 676 720 
34 108 390 438 677 721 
35 109 391 439 678 722 
36 110 392 396 679 723 
37 111 393 397 680 724 
38 112 394 398 681 725 
39 113 395 399 682 726 
40 114 352 400 683 727 
41 115 353 401 684 728 
42 116 354 402 685 729 
43 117 355 403 686 730 
0 118 356 404 687 731 
1 119 357 405 688 732 
2 120 358 406 689 733 
3 121 359 407 690 734 
4 122 360 408 691 735 
5 123 361 409 692 736 
6 124 362 410 693 737 
7 125 363 411 694 738 
8 126 364 412 695 739 
9 127 365 413 696 740 
10 128 366 414 697 741 
11 129 367 415 698 742 
12 130 368 416 699 743 
13 131 369 417 700 744 
14 88 370 418 701 745 
15 89 371 419 702 746 
16 90 372 420 703 747 
127 304 437 468 704 748 
128 305 438 469 705 749 
129 306 439 470 706 750 
130 307 396 471 707 751 
131 264 397 472 708 752 
88 265 398 473 709 753 
89 266 399 474 710 754 
90 267 400 475 711 755 
91 268 401 476 712 756 
92 269 402 477 713 757 
93 270 403 478 714 758 
94 271 404 479 715 759 
95 272 405 480 716 760 
96 273 406 481 717 761 
97 274 407 482 718 762 
98 275 408 483 719 763 
99 276 409 440 720 764 
100 277 410 441 721 765 
101 278 411 442 722 766 
102 279 412 443 723 767 
103 280 413 444 724 768 
104 281 414 445 725 769 
105 282 415 446 726 770 
106 283 416 447 727 771 
107 284 417 448 728 772 
108 285 418 449 729 773 
109 286 419 450 730 774 
110 287 420 451 731 775 
111 288 421 452 732 776 
112 289 422 453 733 777 
113 290 423 454 734 778 
114 291 424 455 735 779 
115 292 425 456 736 780 
116 293 426 457 737 781 
117 294 427 458 738 782 
118 295 428 459 739 783 
119 296 429 460 740 784 
120 297 430 461 741 785 
121 298 431 462 742 786 
122 299 432 463 743 787 
123 300 433 464 744 788 
124 301 434 465 745 789 
125 302 435 466 746 790 
126 303 436 467 747 791 
95 141 410 458 792 836 
96 142 411 459 793 837 
97 143 412 460 794 838 
98 144 413 461 795 839 
99 145 414 462 796 840 
100 146 415 463 797 841 
101 147 416 464 798 842 
102 148 417 465 799 843 
103 149 418 466 800 844 
104 150 419 467 801 845 
105 151 420 468 802 846 
106 152 421 469 803 847 
107 153 422 470 804 848 
108 154 423 471 805 849 
109 155 424 472 806 850 
110 156 425 473 807 851 
111 157 426 474 808 852 
112 158 427 475 809 853 
113 159 428 476 810 854 
114 160 429 477 811 855 
115 161 430 478 812 856 
116 162 431 479 813 857 
117 163 432 480 814 858 
118 164 433 481 815 859 
119 165 434 482 816 860 
120 166 435 483 817 861 
121 167 436 440 818 862 
122 168 437 441 819 863 
123 169 438 442 820 864 
124 170 439 443 821 865 
125 171 396 444 822 866 
126 172 397 445 823 867 
127 173 398 446 824 868 
128 174 399 447 825 869 
129 175 400 448 826 870 
130 132 401 449 827 871 
131 133 402 450 828 872 
88 134 403 451 829 873 
89 135 404 452 830 874 
90 136 405 453 831 875 
91 137 406 454 832 876 
92 138 407 455 833 877 
93 139 408 456 834 878 
94 140 409 457 835 879 
55 117 266 399 836 880 
56 118 267 400 837 881 
57 119 268 401 838 882 
58 120 269 402 839 883 
59 121 270 403 840 884 
60 122 271 404 841 885 
61 123 272 405 842 886 
62 124 273 406 843 887 
63 125 274 407 844 888 
64 126 275 408 845 889 
65 127 276 409 846 890 
66 128 277 410 847 891 
67 129 278 411 848 892 
68 130 279 412 849 893 
69 131 280 413 850 894 
70 88 281 414 851 895 
71 89 282 415 852 896 
72 90 283 416 853 897 
73 91 284 417 854 898 
74 92 285 418 855 899 
75 93 286 419 856 900 
76 94 287 420 857 901 
77 95 288 421 858 902 
78 96 289 422 859 903 
79 97 290 423 860 904 
80 98 291 424 861 905 
81 99 292 425 862 906 
82 100 293 426 863 907 
83 101 294 427 864 908 
84 102 295 428 865 909 
85 103 296 429 866 910 
86 104 297 430 867 911 
87 105 298 431 868 912 
44 106 299 432 869 913 
45 107 300 433 870 914 
46 108 301 434 871 915 
47 109 302 435 872 916 
48 110 303 436 873 917 
49 111 304 437 874 918 
50 112 305 438 875 919 
51 113 306 439 876 920 
52 114 307 396 877 921 
53 115 264 397 878 922 
54 116 265 398 879 923 
226 323 466 512 924 968 
227 324 467 513 925 969 
228 325 468 514 926 970 
229 326 469 515 927 971 
230 327 470 516 928 972 
231 328 471 517 929 973 
232 329 472 518 930 974 
233 330 473 519 931 975 
234 331 474 520 932 976 
235 332 475 521 933 977 
236 333 476 522 934 978 
237 334 477 523 935 979 
238 335 478 524 936 980 
239 336 479 525 937 981 
240 337 480 526 938 982 
241 338 481 527 939 983 
242 339 482 484 940 984 
243 340 483 485 941 985 
244 341 440 486 942 986 
245 342 441 487 943 987 
246 343 442 488 944 988 
247 344 443 489 945 989 
248 345 444 490 946 990 
249 346 445 491 947 991 
250 347 446 492 948 992 
251 348 447 493 949 993 
252 349 448 494 950 994 
253 350 449 495 951 995 
254 351 450 496 952 996 
255 308 451 497 953 997 
256 309 452 498 954 998 
257 310 453 499 955 999 
258 311 454 500 956 1000 
259 312 455 501 957 1001 
260 313 456 502 958 1002 
261 314 457 503 959 1003 
262 315 458 504 960 1004 
263 316 459 505 961 1005 
220 317 460 506 962 1006 
221 318 461 507 963 1007 
222 319 462 508 964 1008 
223 320 463 509 965 1009 
224 321 464 510 966 1010 
225 322 465 511 967 1011 
95 153 391 401 968 1012 
96 154 392 402 969 1013 
97 155 393 403 970 1014 
98 156 394 404 971 1015 
99 157 395 405 972 1016 
100 158 352 406 973 1017 
101 159 353 407 974 1018 
102 160 354 408 975 1019 
103 161 355 409 976 1020 
104 162 356 410 977 1021 
105 163 357 411 978 1022 
106 164 358 412 979 1023 
107 165 359 413 980 1024 
108 166 360 414 981 1025 
109 167 361 415 982 1026 
110 168 362 416 983 1027 
111 169 363 417 984 1028 
112 170 364 418 985 1029 
113 171 365 419 986 1030 
114 172 366 420 987 1031 
115 173 367 421 988 1032 
116 174 368 422 989 1033 
117 175 369 423 990 1034 
118 132 370 424 991 1035 
119 133 371 425 992 1036 
120 134 372 426 993 1037 
121 135 373 427 994 1038 
122 136 374 428 995 1039 
123 137 375 429 996 1040 
124 138 376 430 997 1041 
125 139 377 431 998 1042 
126 140 378 432 999 1043 
127 141 379 433 1000 1044 
128 142 380 434 1001 1045 
129 143 381 435 1002 1046 
130 144 382 436 1003 1047 
131 145 383 437 1004 1048 
88 146 384 438 1005 1049 
89 147 385 439 1006 1050 
90 148 386 396 1007 1051 
91 149 387 397 1008 1052 
92 150 388 398 1009 1053 
93 151 389 399 1010 1054 
94 152 390 400 1011 1055 
43 242 349 510 535 1012 
0 243 350 511 536 1013 
1 244 351 512 537 1014 
2 245 308 513 538 1015 
3 246 309 514 539 1016 
4 247 310 515 540 1017 
5 248 311 516 541 1018 
6 249 312 517 542 1019 
7 250 313 518 543 1020 
8 251 314 519 544 1021 
9 252 315 520 545 1022 
10 253 316 521 546 1023 
11 254 317 522 547 1024 
12 255 318 523 548 1025 
13 256 319 524 549 1026 
14 257 320 525 550 1027 
15 258 321 526 551 1028 
16 259 322 527 552 1029 
17 260 323 484 553 1030 
18 261 324 485 554 1031 
19 262 325 486 555 1032 
20 263 326 487 556 1033 
21 220 327 488 557 1034 
22 221 328 489 558 1035 
23 222 329 490 559 1036 
24 223 330 491 560 1037 
25 224 331 492 561 1038 
26 225 332 493 562 1039 
27 226 333 494 563 1040 
28 227 334 495 564 1041 
29 228 335 496 565 1042 
30 229 336 497 566 1043 
31 230 337 498 567 1044 
32 231 338 499 568 1045 
33 232 339 500 569 1046 
34 233 340 501 570 1047 
35 234 341 502 571 1048 
36 235 342 503 528 1049 
37 236 343 504 529 1050 
38 237 344 505 530 1051 
39 238 345 506 531 1052 
40 239 346 507 532 1053 
41 240 347 508 533 1054 
42 241 348 509 534 1055 
71 242 299 317 496 572 616 
72 243 300 318 497 573 617 
73 244 301 319 498 574 618 
74 245 302 320 499 575 619 
75 246 303 321 500 576 620 
76 247 304 322 501 577 621 
77 248 305 323 502 578 622 
78 249 306 324 503 579 623 
79 250 307 325 504 580 624 
80 251 264 326 505 581 625 
81 252 265 327 506 582 626 
82 253 266 328 507 583 627 
83 254 267 329 508 584 628 
84 255 268 330 509 585 629 
85 256 269 331 510 586 630 
86 257 270 332 511 587 631 
87 258 271 333 512 588 632 
44 259 272 334 513 589 633 
45 260 273 335 514 590 634 
46 261 274 336 515 591 635 
47 262 275 337 516 592 636 
48 263 276 338 517 593 637 
49 220 277 339 518 594 638 
50 221 278 340 519 595 639 
51 222 279 341 520 596 640 
52 223 280 342 521 597 641 
53 224 281 343 522 598 642 
54 225 282 344 523 599 643 
55 226 283 345 524 600 644 
56 227 284 346 525 601 645 
57 228 285 347 526 602 646 
58 229 286 348 527 603 647 
59 230 287 349 484 604 648 
60 231 288 350 485 605 649 
61 232 289 351 486 606 650 
62 233 290 308 487 607 651 
63 234 291 309 488 608 652 
64 235 292 310 489 609 653 
65 236 293 311 490 610 654 
66 237 294 312 491 611 655 
67 238 295 313 492 612 656 
68 239 296 314 493 613 657 
69 240 297 315 494 614 658 
70 241 298 316 495 615 659 
156 198 257 341 484 616 660 
157 199 258 342 485 617 661 
158 200 259 343 486 618 662 
159 201 260 344 487 619 663 
160 202 261 345 488 620 664 
161 203 262 346 489 621 665 
162 204 263 347 490 622 666 
163 205 220 348 491 623 667 
164 206 221 349 492 624 668 
165 207 222 350 493 625 669 
166 208 223 351 494 626 670 
167 209 224 308 495 627 671 
168 210 225 309 496 628 672 
169 211 226 310 497 629 673 
170 212 227 311 498 630 674 
171 213 228 312 499 631 675 
172 214 229 313 500 632 676 
173 215 230 314 501 633 677 
174 216 231 315 502 634 678 
175 217 232 316 503 635 679 
132 218 233 317 504 636 680 
133 219 234 318 505 637 681 
134 176 235 319 506 638 682 
135 177 236 320 507 639 683 
136 178 237 321 508 640 684 
137 179 238 322 509 641 685 
138 180 239 323 510 642 686 
139 181 240 324 511 643 687 
140 182 241 325 512 644 688 
141 183 242 326 513 645 689 
142 184 243 327 514 646 690 
143 185 244 328 515 647 691 
144 186 245 329 516 648 692 
145 187 246 330 517 649 693 
146 188 247 331 518 650 694 
147 189 248 332 519 651 695 
148 190 249 333 520 652 696 
149 191 250 334 521 653 697 
150 192 251 335 522 654 698 
151 193 252 336 523 655 699 
152 194 253 337 524 656 700 
153 195 254 338 525 657 701 
154 196 255 339 526 658 702 
155 197 256 340 527 659 703 
178 260 346 519 528 748 792 
179 261 347 520 529 749 793 
180 262 348 521 530 750 794 
181 263 349 522 531 751 795 
182 220 350 523 532 752 796 
183 221 351 524 533 753 797 
184 222 308 525 534 754 798 
185 223 309 526 535 755 799 
186 224 310 527 536 756 800 
187 225 311 484 537 757 801 
188 226 312 485 538 758 802 
189 227 313 486 539 759 803 
190 228 314 487 540 760 804 
191 229 315 488 541 761 805 
192 230 316 489 542 762 806 
193 231 317 490 543 763 807 
194 232 318 491 544 764 808 
195 233 319 492 545 765 809 
196 234 320 493 546 766 810 
197 235 321 494 547 767 811 
198 236 322 495 548 768 812 
199 237 323 496 549 769 813 
200 238 324 497 550 770 814 
201 239 325 498 551 771 815 
202 240 326 499 552 772 816 
203 241 327 500 553 773 817 
204 242 328 501 554 774 818 
205 243 329 502 555 775 819 
206 244 330 503 556 776 820 
207 245 331 504 557 777 821 
208 246 332 505 558 778 822 
209 247 333 506 559 779 823 
210 248 334 507 560 780 824 
211 249 335 508 561 781 825 
212 250 336 509 562 782 826 
213 251 337 510 563 783 827 
214 252 338 511 564 784 828 
215 253 339 512 565 785 829 
216 254 340 513 566 786 830 
217 255 341 514 567 787 831 
218 256 342 515 568 788 832 
219 257 343 516 569 789 833 
176 258 344 517 570 790 834 
177 259 345 518 571 791 835 
12 215 244 351 491 880 924 
13 216 245 308 492 881 925 
14 217 246 309 493 882 926 
15 218 247 310 494 883 927 
16 219 248 311 495 884 928 
17 176 249 312 496 885 929 
18 177 250 313 497 886 930 
19 178 251 314 498 887 931 
20 179 252 315 499 888 932 
21 180 253 316 500 889 933 
22 181 254 317 501 890 934 
23 182 255 318 502 891 935 
24 183 256 319 503 892 936 
25 184 257 320 504 893 937 
26 185 258 321 505 894 938 
27 186 259 322 506 895 939 
28 187 260 323 507 896 940 
29 188 261 324 508 897 941 
30 189 262 325 509 898 942 
31 190 263 326 510 899 943 
32 191 220 327 511 900 944 
33 192 221 328 512 901 945 
34 193 222 329 513 902 946 
35 194 223 330 514 903 947 
36 195 224 331 515 904 948 
37 196 225 332 516 905 949 
38 197 226 333 517 906 950 
39 198 227 334 518 907 951 
40 199 228 335 519 908 952 
41 200 229 336 520 909 953 
42 201 230 337 521 910 954 
43 202 231 338 522 911 955 
0 203 232 339 523 912 956 
1 204 233 340 524 913 957 
2 205 234 341 525 914 958 
3 206 235 342 526 915 959 
4 207 236 343 527 916 960 
5 208 237 344 484 917 961 
6 209 238 345 485 918 962 
7 210 239 346 486 919 963 
8 211 240 347 487 920 964 
9 212 241 348 488 921 965 
10 213 242 349 489 922 966 
11 214 243 350 490 923 967 

