94 121 391 467 583 624 
95 122 392 468 584 625 
48 123 393 469 585 626 
49 124 394 470 586 627 
50 125 395 471 587 628 
51 126 396 472 588 629 
52 127 397 473 589 630 
53 128 398 474 590 631 
54 129 399 475 591 632 
55 130 400 476 592 633 
56 131 401 477 593 634 
57 132 402 478 594 635 
58 133 403 479 595 636 
59 134 404 432 596 637 
60 135 405 433 597 638 
61 136 406 434 598 639 
62 137 407 435 599 640 
63 138 408 436 600 641 
64 139 409 437 601 642 
65 140 410 438 602 643 
66 141 411 439 603 644 
67 142 412 440 604 645 
68 143 413 441 605 646 
69 96 414 442 606 647 
70 97 415 443 607 648 
71 98 416 444 608 649 
72 99 417 445 609 650 
73 100 418 446 610 651 
74 101 419 447 611 652 
75 102 420 448 612 653 
76 103 421 449 613 654 
77 104 422 450 614 655 
78 105 423 451 615 656 
79 106 424 452 616 657 
80 107 425 453 617 658 
81 108 426 454 618 659 
82 109 427 455 619 660 
83 110 428 456 620 661 
84 111 429 457 621 662 
85 112 430 458 622 663 
86 113 431 459 623 664 
87 114 384 460 576 665 
88 115 385 461 577 666 
89 116 386 462 578 667 
90 117 387 463 579 668 
91 118 388 464 580 669 
92 119 389 465 581 670 
93 120 390 466 582 671 
13 143 401 457 720 768 
14 96 402 458 721 769 
15 97 403 459 722 770 
16 98 404 460 723 771 
17 99 405 461 724 772 
18 100 406 462 725 773 
19 101 407 463 726 774 
20 102 408 464 727 775 
21 103 409 465 728 776 
22 104 410 466 729 777 
23 105 411 467 730 778 
24 106 412 468 731 779 
25 107 413 469 732 780 
26 108 414 470 733 781 
27 109 415 471 734 782 
28 110 416 472 735 783 
29 111 417 473 736 784 
30 112 418 474 737 785 
31 113 419 475 738 786 
32 114 420 476 739 787 
33 115 421 477 740 788 
34 116 422 478 741 789 
35 117 423 479 742 790 
36 118 424 432 743 791 
37 119 425 433 744 792 
38 120 426 434 745 793 
39 121 427 435 746 794 
40 122 428 436 747 795 
41 123 429 437 748 796 
42 124 430 438 749 797 
43 125 431 439 750 798 
44 126 384 440 751 799 
45 127 385 441 752 800 
46 128 386 442 753 801 
47 129 387 443 754 802 
0 130 388 444 755 803 
1 131 389 445 756 804 
2 132 390 446 757 805 
3 133 391 447 758 806 
4 134 392 448 759 807 
5 135 393 449 760 808 
6 136 394 450 761 809 
7 137 395 451 762 810 
8 138 396 452 763 811 
9 139 397 453 764 812 
10 140 398 454 765 813 
11 141 399 455 766 814 
12 142 400 456 767 815 
135 324 473 504 768 816 
136 325 474 505 769 817 
137 326 475 506 770 818 
138 327 476 507 771 819 
139 328 477 508 772 820 
140 329 478 509 773 821 
141 330 479 510 774 822 
142 331 432 511 775 823 
143 332 433 512 776 824 
96 333 434 513 777 825 
97 334 435 514 778 826 
98 335 436 515 779 827 
99 288 437 516 780 828 
100 289 438 517 781 829 
101 290 439 518 782 830 
102 291 440 519 783 831 
103 292 441 520 784 832 
104 293 442 521 785 833 
105 294 443 522 786 834 
106 295 444 523 787 835 
107 296 445 524 788 836 
108 297 446 525 789 837 
109 298 447 526 790 838 
110 299 448 527 791 839 
111 300 449 480 792 840 
112 301 450 481 793 841 
113 302 451 482 794 842 
114 303 452 483 795 843 
115 304 453 484 796 844 
116 305 454 485 797 845 
117 306 455 486 798 846 
118 307 456 487 799 847 
119 308 457 488 800 848 
120 309 458 489 801 849 
121 310 459 490 802 850 
122 311 460 491 803 851 
123 312 461 492 804 852 
124 313 462 493 805 853 
125 314 463 494 806 854 
126 315 464 495 807 855 
127 316 465 496 808 856 
128 317 466 497 809 857 
129 318 467 498 810 858 
130 319 468 499 811 859 
131 320 469 500 812 860 
132 321 470 501 813 861 
133 322 471 502 814 862 
134 323 472 503 815 863 
143 149 446 498 864 912 
96 150 447 499 865 913 
97 151 448 500 866 914 
98 152 449 501 867 915 
99 153 450 502 868 916 
100 154 451 503 869 917 
101 155 452 504 870 918 
102 156 453 505 871 919 
103 157 454 506 872 920 
104 158 455 507 873 921 
105 159 456 508 874 922 
106 160 457 509 875 923 
107 161 458 510 876 924 
108 162 459 511 877 925 
109 163 460 512 878 926 
110 164 461 513 879 927 
111 165 462 514 880 928 
112 166 463 515 881 929 
113 167 464 516 882 930 
114 168 465 517 883 931 
115 169 466 518 884 932 
116 170 467 519 885 933 
117 171 468 520 886 934 
118 172 469 521 887 935 
119 173 470 522 888 936 
120 174 471 523 889 937 
121 175 472 524 890 938 
122 176 473 525 891 939 
123 177 474 526 892 940 
124 178 475 527 893 941 
125 179 476 480 894 942 
126 180 477 481 895 943 
127 181 478 482 896 944 
128 182 479 483 897 945 
129 183 432 484 898 946 
130 184 433 485 899 947 
131 185 434 486 900 948 
132 186 435 487 901 949 
133 187 436 488 902 950 
134 188 437 489 903 951 
135 189 438 490 904 952 
136 190 439 491 905 953 
137 191 440 492 906 954 
138 144 441 493 907 955 
139 145 442 494 908 956 
140 146 443 495 909 957 
141 147 444 496 910 958 
142 148 445 497 911 959 
59 121 290 479 912 960 
60 122 291 432 913 961 
61 123 292 433 914 962 
62 124 293 434 915 963 
63 125 294 435 916 964 
64 126 295 436 917 965 
65 127 296 437 918 966 
66 128 297 438 919 967 
67 129 298 439 920 968 
68 130 299 440 921 969 
69 131 300 441 922 970 
70 132 301 442 923 971 
71 133 302 443 924 972 
72 134 303 444 925 973 
73 135 304 445 926 974 
74 136 305 446 927 975 
75 137 306 447 928 976 
76 138 307 448 929 977 
77 139 308 449 930 978 
78 140 309 450 931 979 
79 141 310 451 932 980 
80 142 311 452 933 981 
81 143 312 453 934 982 
82 96 313 454 935 983 
83 97 314 455 936 984 
84 98 315 456 937 985 
85 99 316 457 938 986 
86 100 317 458 939 987 
87 101 318 459 940 988 
88 102 319 460 941 989 
89 103 320 461 942 990 
90 104 321 462 943 991 
91 105 322 463 944 992 
92 106 323 464 945 993 
93 107 324 465 946 994 
94 108 325 466 947 995 
95 109 326 467 948 996 
48 110 327 468 949 997 
49 111 328 469 950 998 
50 112 329 470 951 999 
51 113 330 471 952 1000 
52 114 331 472 953 1001 
53 115 332 473 954 1002 
54 116 333 474 955 1003 
55 117 334 475 956 1004 
56 118 335 476 957 1005 
57 119 288 477 958 1006 
58 120 289 478 959 1007 
286 347 502 552 1008 1056 
287 348 503 553 1009 1057 
240 349 504 554 1010 1058 
241 350 505 555 1011 1059 
242 351 506 556 1012 1060 
243 352 507 557 1013 1061 
244 353 508 558 1014 1062 
245 354 509 559 1015 1063 
246 355 510 560 1016 1064 
247 356 511 561 1017 1065 
248 357 512 562 1018 1066 
249 358 513 563 1019 1067 
250 359 514 564 1020 1068 
251 360 515 565 1021 1069 
252 361 516 566 1022 1070 
253 362 517 567 1023 1071 
254 363 518 568 1024 1072 
255 364 519 569 1025 1073 
256 365 520 570 1026 1074 
257 366 521 571 1027 1075 
258 367 522 572 1028 1076 
259 368 523 573 1029 1077 
260 369 524 574 1030 1078 
261 370 525 575 1031 1079 
262 371 526 528 1032 1080 
263 372 527 529 1033 1081 
264 373 480 530 1034 1082 
265 374 481 531 1035 1083 
266 375 482 532 1036 1084 
267 376 483 533 1037 1085 
268 377 484 534 1038 1086 
269 378 485 535 1039 1087 
270 379 486 536 1040 1088 
271 380 487 537 1041 1089 
272 381 488 538 1042 1090 
273 382 489 539 1043 1091 
274 383 490 540 1044 1092 
275 336 491 541 1045 1093 
276 337 492 542 1046 1094 
277 338 493 543 1047 1095 
278 339 494 544 1048 1096 
279 340 495 545 1049 1097 
280 341 496 546 1050 1098 
281 342 497 547 1051 1099 
282 343 498 548 1052 1100 
283 344 499 549 1053 1101 
284 345 500 550 1054 1102 
285 346 501 551 1055 1103 
103 161 423 433 1056 1104 
104 162 424 434 1057 1105 
105 163 425 435 1058 1106 
106 164 426 436 1059 1107 
107 165 427 437 1060 1108 
108 166 428 438 1061 1109 
109 167 429 439 1062 1110 
110 168 430 440 1063 1111 
111 169 431 441 1064 1112 
112 170 384 442 1065 1113 
113 171 385 443 1066 1114 
114 172 386 444 1067 1115 
115 173 387 445 1068 1116 
116 174 388 446 1069 1117 
117 175 389 447 1070 1118 
118 176 390 448 1071 1119 
119 177 391 449 1072 1120 
120 178 392 450 1073 1121 
121 179 393 451 1074 1122 
122 180 394 452 1075 1123 
123 181 395 453 1076 1124 
124 182 396 454 1077 1125 
125 183 397 455 1078 1126 
126 184 398 456 1079 1127 
127 185 399 457 1080 1128 
128 186 400 458 1081 1129 
129 187 401 459 1082 1130 
130 188 402 460 1083 1131 
131 189 403 461 1084 1132 
132 190 404 462 1085 1133 
133 191 405 463 1086 1134 
134 144 406 464 1087 1135 
135 145 407 465 1088 1136 
136 146 408 466 1089 1137 
137 147 409 467 1090 1138 
138 148 410 468 1091 1139 
139 149 411 469 1092 1140 
140 150 412 470 1093 1141 
141 151 413 471 1094 1142 
142 152 414 472 1095 1143 
143 153 415 473 1096 1144 
96 154 416 474 1097 1145 
97 155 417 475 1098 1146 
98 156 418 476 1099 1147 
99 157 419 477 1100 1148 
100 158 420 478 1101 1149 
101 159 421 479 1102 1150 
102 160 422 432 1103 1151 
43 258 377 554 583 1104 
44 259 378 555 584 1105 
45 260 379 556 585 1106 
46 261 380 557 586 1107 
47 262 381 558 587 1108 
0 263 382 559 588 1109 
1 264 383 560 589 1110 
2 265 336 561 590 1111 
3 266 337 562 591 1112 
4 267 338 563 592 1113 
5 268 339 564 593 1114 
6 269 340 565 594 1115 
7 270 341 566 595 1116 
8 271 342 567 596 1117 
9 272 343 568 597 1118 
10 273 344 569 598 1119 
11 274 345 570 599 1120 
12 275 346 571 600 1121 
13 276 347 572 601 1122 
14 277 348 573 602 1123 
15 278 349 574 603 1124 
16 279 350 575 604 1125 
17 280 351 528 605 1126 
18 281 352 529 606 1127 
19 282 353 530 607 1128 
20 283 354 531 608 1129 
21 284 355 532 609 1130 
22 285 356 533 610 1131 
23 286 357 534 611 1132 
24 287 358 535 612 1133 
25 240 359 536 613 1134 
26 241 360 537 614 1135 
27 242 361 538 615 1136 
28 243 362 539 616 1137 
29 244 363 540 617 1138 
30 245 364 541 618 1139 
31 246 365 542 619 1140 
32 247 366 543 620 1141 
33 248 367 544 621 1142 
34 249 368 545 622 1143 
35 250 369 546 623 1144 
36 251 370 547 576 1145 
37 252 371 548 577 1146 
38 253 372 549 578 1147 
39 254 373 550 579 1148 
40 255 374 551 580 1149 
41 256 375 552 581 1150 
42 257 376 553 582 1151 
75 262 319 345 540 624 672 
76 263 320 346 541 625 673 
77 264 321 347 542 626 674 
78 265 322 348 543 627 675 
79 266 323 349 544 628 676 
80 267 324 350 545 629 677 
81 268 325 351 546 630 678 
82 269 326 352 547 631 679 
83 270 327 353 548 632 680 
84 271 328 354 549 633 681 
85 272 329 355 550 634 682 
86 273 330 356 551 635 683 
87 274 331 357 552 636 684 
88 275 332 358 553 637 685 
89 276 333 359 554 638 686 
90 277 334 360 555 639 687 
91 278 335 361 556 640 688 
92 279 288 362 557 641 689 
93 280 289 363 558 642 690 
94 281 290 364 559 643 691 
95 282 291 365 560 644 692 
48 283 292 366 561 645 693 
49 284 293 367 562 646 694 
50 285 294 368 563 647 695 
51 286 295 369 564 648 696 
52 287 296 370 565 649 697 
53 240 297 371 566 650 698 
54 241 298 372 567 651 699 
55 242 299 373 568 652 700 
56 243 300 374 569 653 701 
57 244 301 375 570 654 702 
58 245 302 376 571 655 703 
59 246 303 377 572 656 704 
60 247 304 378 573 657 705 
61 248 305 379 574 658 706 
62 249 306 380 575 659 707 
63 250 307 381 528 660 708 
64 251 308 382 529 661 709 
65 252 309 383 530 662 710 
66 253 310 336 531 663 711 
67 254 311 337 532 664 712 
68 255 312 338 533 665 713 
69 256 313 339 534 666 714 
70 257 314 340 535 667 715 
71 258 315 341 536 668 716 
72 259 316 342 537 669 717 
73 260 317 343 538 670 718 
74 261 318 344 539 671 719 
168 214 273 369 528 672 720 
169 215 274 370 529 673 721 
170 216 275 371 530 674 722 
171 217 276 372 531 675 723 
172 218 277 373 532 676 724 
173 219 278 374 533 677 725 
174 220 279 375 534 678 726 
175 221 280 376 535 679 727 
176 222 281 377 536 680 728 
177 223 282 378 537 681 729 
178 224 283 379 538 682 730 
179 225 284 380 539 683 731 
180 226 285 381 540 684 732 
181 227 286 382 541 685 733 
182 228 287 383 542 686 734 
183 229 240 336 543 687 735 
184 230 241 337 544 688 736 
185 231 242 338 545 689 737 
186 232 243 339 546 690 738 
187 233 244 340 547 691 739 
188 234 245 341 548 692 740 
189 235 246 342 549 693 741 
190 236 247 343 550 694 742 
191 237 248 344 551 695 743 
144 238 249 345 552 696 744 
145 239 250 346 553 697 745 
146 192 251 347 554 698 746 
147 193 252 348 555 699 747 
148 194 253 349 556 700 748 
149 195 254 350 557 701 749 
150 196 255 351 558 702 750 
151 197 256 352 559 703 751 
152 198 257 353 560 704 752 
153 199 258 354 561 705 753 
154 200 259 355 562 706 754 
155 201 260 356 563 707 755 
156 202 261 357 564 708 756 
157 203 262 358 565 709 757 
158 204 263 359 566 710 758 
159 205 264 360 567 711 759 
160 206 265 361 568 712 760 
161 207 266 362 569 713 761 
162 208 267 363 570 714 762 
163 209 268 364 571 715 763 
164 210 269 365 572 716 764 
165 211 270 366 573 717 765 
166 212 271 367 574 718 766 
167 213 272 368 575 719 767 
238 280 370 559 576 816 864 
239 281 371 560 577 817 865 
192 282 372 561 578 818 866 
193 283 373 562 579 819 867 
194 284 374 563 580 820 868 
195 285 375 564 581 821 869 
196 286 376 565 582 822 870 
197 287 377 566 583 823 871 
198 240 378 567 584 824 872 
199 241 379 568 585 825 873 
200 242 380 569 586 826 874 
201 243 381 570 587 827 875 
202 244 382 571 588 828 876 
203 245 383 572 589 829 877 
204 246 336 573 590 830 878 
205 247 337 574 591 831 879 
206 248 338 575 592 832 880 
207 249 339 528 593 833 881 
208 250 340 529 594 834 882 
209 251 341 530 595 835 883 
210 252 342 531 596 836 884 
211 253 343 532 597 837 885 
212 254 344 533 598 838 886 
213 255 345 534 599 839 887 
214 256 346 535 600 840 888 
215 257 347 536 601 841 889 
216 258 348 537 602 842 890 
217 259 349 538 603 843 891 
218 260 350 539 604 844 892 
219 261 351 540 605 845 893 
220 262 352 541 606 846 894 
221 263 353 542 607 847 895 
222 264 354 543 608 848 896 
223 265 355 544 609 849 897 
224 266 356 545 610 850 898 
225 267 357 546 611 851 899 
226 268 358 547 612 852 900 
227 269 359 548 613 853 901 
228 270 360 549 614 854 902 
229 271 361 550 615 855 903 
230 272 362 551 616 856 904 
231 273 363 552 617 857 905 
232 274 364 553 618 858 906 
233 275 365 554 619 859 907 
234 276 366 555 620 860 908 
235 277 367 556 621 861 909 
236 278 368 557 622 862 910 
237 279 369 558 623 863 911 
12 227 264 379 531 960 1008 
13 228 265 380 532 961 1009 
14 229 266 381 533 962 1010 
15 230 267 382 534 963 1011 
16 231 268 383 535 964 1012 
17 232 269 336 536 965 1013 
18 233 270 337 537 966 1014 
19 234 271 338 538 967 1015 
20 235 272 339 539 968 1016 
21 236 273 340 540 969 1017 
22 237 274 341 541 970 1018 
23 238 275 342 542 971 1019 
24 239 276 343 543 972 1020 
25 192 277 344 544 973 1021 
26 193 278 345 545 974 1022 
27 194 279 346 546 975 1023 
28 195 280 347 547 976 1024 
29 196 281 348 548 977 1025 
30 197 282 349 549 978 1026 
31 198 283 350 550 979 1027 
32 199 284 351 551 980 1028 
33 200 285 352 552 981 1029 
34 201 286 353 553 982 1030 
35 202 287 354 554 983 1031 
36 203 240 355 555 984 1032 
37 204 241 356 556 985 1033 
38 205 242 357 557 986 1034 
39 206 243 358 558 987 1035 
40 207 244 359 559 988 1036 
41 208 245 360 560 989 1037 
42 209 246 361 561 990 1038 
43 210 247 362 562 991 1039 
44 211 248 363 563 992 1040 
45 212 249 364 564 993 1041 
46 213 250 365 565 994 1042 
47 214 251 366 566 995 1043 
0 215 252 367 567 996 1044 
1 216 253 368 568 997 1045 
2 217 254 369 569 998 1046 
3 218 255 370 570 999 1047 
4 219 256 371 571 1000 1048 
5 220 257 372 572 1001 1049 
6 221 258 373 573 1002 1050 
7 222 259 374 574 1003 1051 
8 223 260 375 575 1004 1052 
9 224 261 376 528 1005 1053 
10 225 262 377 529 1006 1054 
11 226 263 378 530 1007 1055 

