1 73 103 239 244 379 420 440 518 532 610 657 677 720 804 836 868 941 992 1008 
2 74 104 192 245 380 421 441 519 533 611 658 678 721 805 837 869 942 993 1009 
3 75 105 193 246 381 422 442 520 534 612 659 679 722 806 838 870 943 994 1010 
4 76 106 194 247 382 423 443 521 535 613 660 680 723 807 839 871 944 995 1011 
5 77 107 195 248 383 424 444 522 536 614 661 681 724 808 840 872 945 996 1012 
6 78 108 196 249 336 425 445 523 537 615 662 682 725 809 841 873 946 997 1013 
7 79 109 197 250 337 426 446 524 538 616 663 683 726 810 842 874 947 998 1014 
8 80 110 198 251 338 427 447 525 539 617 664 684 727 811 843 875 948 999 1015 
9 81 111 199 252 339 428 448 526 540 618 665 685 728 812 844 876 949 1000 1016 
10 82 112 200 253 340 429 449 527 541 619 666 686 729 813 845 877 950 1001 1017 
11 83 113 201 254 341 430 450 480 542 620 667 687 730 814 846 878 951 1002 1018 
12 84 114 202 255 342 431 451 481 543 621 668 688 731 815 847 879 952 1003 1019 
13 85 115 203 256 343 384 452 482 544 622 669 689 732 768 848 880 953 1004 1020 
14 86 116 204 257 344 385 453 483 545 623 670 690 733 769 849 881 954 1005 1021 
15 87 117 205 258 345 386 454 484 546 576 671 691 734 770 850 882 955 1006 1022 
16 88 118 206 259 346 387 455 485 547 577 624 692 735 771 851 883 956 1007 1023 
17 89 119 207 260 347 388 456 486 548 578 625 693 736 772 852 884 957 960 1024 
18 90 120 208 261 348 389 457 487 549 579 626 694 737 773 853 885 958 961 1025 
19 91 121 209 262 349 390 458 488 550 580 627 695 738 774 854 886 959 962 1026 
20 92 122 210 263 350 391 459 489 551 581 628 696 739 775 855 887 912 963 1027 
21 93 123 211 264 351 392 460 490 552 582 629 697 740 776 856 888 913 964 1028 
22 94 124 212 265 352 393 461 491 553 583 630 698 741 777 857 889 914 965 1029 
23 95 125 213 266 353 394 462 492 554 584 631 699 742 778 858 890 915 966 1030 
24 48 126 214 267 354 395 463 493 555 585 632 700 743 779 859 891 916 967 1031 
25 49 127 215 268 355 396 464 494 556 586 633 701 744 780 860 892 917 968 1032 
26 50 128 216 269 356 397 465 495 557 587 634 702 745 781 861 893 918 969 1033 
27 51 129 217 270 357 398 466 496 558 588 635 703 746 782 862 894 919 970 1034 
28 52 130 218 271 358 399 467 497 559 589 636 704 747 783 863 895 920 971 1035 
29 53 131 219 272 359 400 468 498 560 590 637 705 748 784 816 896 921 972 1036 
30 54 132 220 273 360 401 469 499 561 591 638 706 749 785 817 897 922 973 1037 
31 55 133 221 274 361 402 470 500 562 592 639 707 750 786 818 898 923 974 1038 
32 56 134 222 275 362 403 471 501 563 593 640 708 751 787 819 899 924 975 1039 
33 57 135 223 276 363 404 472 502 564 594 641 709 752 788 820 900 925 976 1040 
34 58 136 224 277 364 405 473 503 565 595 642 710 753 789 821 901 926 977 1041 
35 59 137 225 278 365 406 474 504 566 596 643 711 754 790 822 902 927 978 1042 
36 60 138 226 279 366 407 475 505 567 597 644 712 755 791 823 903 928 979 1043 
37 61 139 227 280 367 408 476 506 568 598 645 713 756 792 824 904 929 980 1044 
38 62 140 228 281 368 409 477 507 569 599 646 714 757 793 825 905 930 981 1045 
39 63 141 229 282 369 410 478 508 570 600 647 715 758 794 826 906 931 982 1046 
40 64 142 230 283 370 411 479 509 571 601 648 716 759 795 827 907 932 983 1047 
41 65 143 231 284 371 412 432 510 572 602 649 717 760 796 828 908 933 984 1048 
42 66 96 232 285 372 413 433 511 573 603 650 718 761 797 829 909 934 985 1049 
43 67 97 233 286 373 414 434 512 574 604 651 719 762 798 830 910 935 986 1050 
44 68 98 234 287 374 415 435 513 575 605 652 672 763 799 831 911 936 987 1051 
45 69 99 235 240 375 416 436 514 528 606 653 673 764 800 832 864 937 988 1052 
46 70 100 236 241 376 417 437 515 529 607 654 674 765 801 833 865 938 989 1053 
47 71 101 237 242 377 418 438 516 530 608 655 675 766 802 834 866 939 990 1054 
0 72 102 238 243 378 419 439 517 531 609 656 676 767 803 835 867 940 991 1055 
54 180 232 287 300 367 431 521 549 588 647 686 744 768 860 865 912 960 1008 1056 
55 181 233 240 301 368 384 522 550 589 648 687 745 769 861 866 913 961 1009 1057 
56 182 234 241 302 369 385 523 551 590 649 688 746 770 862 867 914 962 1010 1058 
57 183 235 242 303 370 386 524 552 591 650 689 747 771 863 868 915 963 1011 1059 
58 184 236 243 304 371 387 525 553 592 651 690 748 772 816 869 916 964 1012 1060 
59 185 237 244 305 372 388 526 554 593 652 691 749 773 817 870 917 965 1013 1061 
60 186 238 245 306 373 389 527 555 594 653 692 750 774 818 871 918 966 1014 1062 
61 187 239 246 307 374 390 480 556 595 654 693 751 775 819 872 919 967 1015 1063 
62 188 192 247 308 375 391 481 557 596 655 694 752 776 820 873 920 968 1016 1064 
63 189 193 248 309 376 392 482 558 597 656 695 753 777 821 874 921 969 1017 1065 
64 190 194 249 310 377 393 483 559 598 657 696 754 778 822 875 922 970 1018 1066 
65 191 195 250 311 378 394 484 560 599 658 697 755 779 823 876 923 971 1019 1067 
66 144 196 251 312 379 395 485 561 600 659 698 756 780 824 877 924 972 1020 1068 
67 145 197 252 313 380 396 486 562 601 660 699 757 781 825 878 925 973 1021 1069 
68 146 198 253 314 381 397 487 563 602 661 700 758 782 826 879 926 974 1022 1070 
69 147 199 254 315 382 398 488 564 603 662 701 759 783 827 880 927 975 1023 1071 
70 148 200 255 316 383 399 489 565 604 663 702 760 784 828 881 928 976 1024 1072 
71 149 201 256 317 336 400 490 566 605 664 703 761 785 829 882 929 977 1025 1073 
72 150 202 257 318 337 401 491 567 606 665 704 762 786 830 883 930 978 1026 1074 
73 151 203 258 319 338 402 492 568 607 666 705 763 787 831 884 931 979 1027 1075 
74 152 204 259 320 339 403 493 569 608 667 706 764 788 832 885 932 980 1028 1076 
75 153 205 260 321 340 404 494 570 609 668 707 765 789 833 886 933 981 1029 1077 
76 154 206 261 322 341 405 495 571 610 669 708 766 790 834 887 934 982 1030 1078 
77 155 207 262 323 342 406 496 572 611 670 709 767 791 835 888 935 983 1031 1079 
78 156 208 263 324 343 407 497 573 612 671 710 720 792 836 889 936 984 1032 1080 
79 157 209 264 325 344 408 498 574 613 624 711 721 793 837 890 937 985 1033 1081 
80 158 210 265 326 345 409 499 575 614 625 712 722 794 838 891 938 986 1034 1082 
81 159 211 266 327 346 410 500 528 615 626 713 723 795 839 892 939 987 1035 1083 
82 160 212 267 328 347 411 501 529 616 627 714 724 796 840 893 940 988 1036 1084 
83 161 213 268 329 348 412 502 530 617 628 715 725 797 841 894 941 989 1037 1085 
84 162 214 269 330 349 413 503 531 618 629 716 726 798 842 895 942 990 1038 1086 
85 163 215 270 331 350 414 504 532 619 630 717 727 799 843 896 943 991 1039 1087 
86 164 216 271 332 351 415 505 533 620 631 718 728 800 844 897 944 992 1040 1088 
87 165 217 272 333 352 416 506 534 621 632 719 729 801 845 898 945 993 1041 1089 
88 166 218 273 334 353 417 507 535 622 633 672 730 802 846 899 946 994 1042 1090 
89 167 219 274 335 354 418 508 536 623 634 673 731 803 847 900 947 995 1043 1091 
90 168 220 275 288 355 419 509 537 576 635 674 732 804 848 901 948 996 1044 1092 
91 169 221 276 289 356 420 510 538 577 636 675 733 805 849 902 949 997 1045 1093 
92 170 222 277 290 357 421 511 539 578 637 676 734 806 850 903 950 998 1046 1094 
93 171 223 278 291 358 422 512 540 579 638 677 735 807 851 904 951 999 1047 1095 
94 172 224 279 292 359 423 513 541 580 639 678 736 808 852 905 952 1000 1048 1096 
95 173 225 280 293 360 424 514 542 581 640 679 737 809 853 906 953 1001 1049 1097 
48 174 226 281 294 361 425 515 543 582 641 680 738 810 854 907 954 1002 1050 1098 
49 175 227 282 295 362 426 516 544 583 642 681 739 811 855 908 955 1003 1051 1099 
50 176 228 283 296 363 427 517 545 584 643 682 740 812 856 909 956 1004 1052 1100 
51 177 229 284 297 364 428 518 546 585 644 683 741 813 857 910 957 1005 1053 1101 
52 178 230 285 298 365 429 519 547 586 645 684 742 814 858 911 958 1006 1054 1102 
53 179 231 286 299 366 430 520 548 587 646 685 743 815 859 864 959 1007 1055 1103 
3 81 131 148 211 309 415 456 523 541 609 633 710 750 780 856 883 927 1056 1104 
4 82 132 149 212 310 416 457 524 542 610 634 711 751 781 857 884 928 1057 1105 
5 83 133 150 213 311 417 458 525 543 611 635 712 752 782 858 885 929 1058 1106 
6 84 134 151 214 312 418 459 526 544 612 636 713 753 783 859 886 930 1059 1107 
7 85 135 152 215 313 419 460 527 545 613 637 714 754 784 860 887 931 1060 1108 
8 86 136 153 216 314 420 461 480 546 614 638 715 755 785 861 888 932 1061 1109 
9 87 137 154 217 315 421 462 481 547 615 639 716 756 786 862 889 933 1062 1110 
10 88 138 155 218 316 422 463 482 548 616 640 717 757 787 863 890 934 1063 1111 
11 89 139 156 219 317 423 464 483 549 617 641 718 758 788 816 891 935 1064 1112 
12 90 140 157 220 318 424 465 484 550 618 642 719 759 789 817 892 936 1065 1113 
13 91 141 158 221 319 425 466 485 551 619 643 672 760 790 818 893 937 1066 1114 
14 92 142 159 222 320 426 467 486 552 620 644 673 761 791 819 894 938 1067 1115 
15 93 143 160 223 321 427 468 487 553 621 645 674 762 792 820 895 939 1068 1116 
16 94 96 161 224 322 428 469 488 554 622 646 675 763 793 821 896 940 1069 1117 
17 95 97 162 225 323 429 470 489 555 623 647 676 764 794 822 897 941 1070 1118 
18 48 98 163 226 324 430 471 490 556 576 648 677 765 795 823 898 942 1071 1119 
19 49 99 164 227 325 431 472 491 557 577 649 678 766 796 824 899 943 1072 1120 
20 50 100 165 228 326 384 473 492 558 578 650 679 767 797 825 900 944 1073 1121 
21 51 101 166 229 327 385 474 493 559 579 651 680 720 798 826 901 945 1074 1122 
22 52 102 167 230 328 386 475 494 560 580 652 681 721 799 827 902 946 1075 1123 
23 53 103 168 231 329 387 476 495 561 581 653 682 722 800 828 903 947 1076 1124 
24 54 104 169 232 330 388 477 496 562 582 654 683 723 801 829 904 948 1077 1125 
25 55 105 170 233 331 389 478 497 563 583 655 684 724 802 830 905 949 1078 1126 
26 56 106 171 234 332 390 479 498 564 584 656 685 725 803 831 906 950 1079 1127 
27 57 107 172 235 333 391 432 499 565 585 657 686 726 804 832 907 951 1080 1128 
28 58 108 173 236 334 392 433 500 566 586 658 687 727 805 833 908 952 1081 1129 
29 59 109 174 237 335 393 434 501 567 587 659 688 728 806 834 909 953 1082 1130 
30 60 110 175 238 288 394 435 502 568 588 660 689 729 807 835 910 954 1083 1131 
31 61 111 176 239 289 395 436 503 569 589 661 690 730 808 836 911 955 1084 1132 
32 62 112 177 192 290 396 437 504 570 590 662 691 731 809 837 864 956 1085 1133 
33 63 113 178 193 291 397 438 505 571 591 663 692 732 810 838 865 957 1086 1134 
34 64 114 179 194 292 398 439 506 572 592 664 693 733 811 839 866 958 1087 1135 
35 65 115 180 195 293 399 440 507 573 593 665 694 734 812 840 867 959 1088 1136 
36 66 116 181 196 294 400 441 508 574 594 666 695 735 813 841 868 912 1089 1137 
37 67 117 182 197 295 401 442 509 575 595 667 696 736 814 842 869 913 1090 1138 
38 68 118 183 198 296 402 443 510 528 596 668 697 737 815 843 870 914 1091 1139 
39 69 119 184 199 297 403 444 511 529 597 669 698 738 768 844 871 915 1092 1140 
40 70 120 185 200 298 404 445 512 530 598 670 699 739 769 845 872 916 1093 1141 
41 71 121 186 201 299 405 446 513 531 599 671 700 740 770 846 873 917 1094 1142 
42 72 122 187 202 300 406 447 514 532 600 624 701 741 771 847 874 918 1095 1143 
43 73 123 188 203 301 407 448 515 533 601 625 702 742 772 848 875 919 1096 1144 
44 74 124 189 204 302 408 449 516 534 602 626 703 743 773 849 876 920 1097 1145 
45 75 125 190 205 303 409 450 517 535 603 627 704 744 774 850 877 921 1098 1146 
46 76 126 191 206 304 410 451 518 536 604 628 705 745 775 851 878 922 1099 1147 
47 77 127 144 207 305 411 452 519 537 605 629 706 746 776 852 879 923 1100 1148 
0 78 128 145 208 306 412 453 520 538 606 630 707 747 777 853 880 924 1101 1149 
1 79 129 146 209 307 413 454 521 539 607 631 708 748 778 854 881 925 1102 1150 
2 80 130 147 210 308 414 455 522 540 608 632 709 749 779 855 882 926 1103 1151 
2 98 159 276 301 346 395 452 485 570 605 668 681 750 804 860 875 930 992 1104 
3 99 160 277 302 347 396 453 486 571 606 669 682 751 805 861 876 931 993 1105 
4 100 161 278 303 348 397 454 487 572 607 670 683 752 806 862 877 932 994 1106 
5 101 162 279 304 349 398 455 488 573 608 671 684 753 807 863 878 933 995 1107 
6 102 163 280 305 350 399 456 489 574 609 624 685 754 808 816 879 934 996 1108 
7 103 164 281 306 351 400 457 490 575 610 625 686 755 809 817 880 935 997 1109 
8 104 165 282 307 352 401 458 491 528 611 626 687 756 810 818 881 936 998 1110 
9 105 166 283 308 353 402 459 492 529 612 627 688 757 811 819 882 937 999 1111 
10 106 167 284 309 354 403 460 493 530 613 628 689 758 812 820 883 938 1000 1112 
11 107 168 285 310 355 404 461 494 531 614 629 690 759 813 821 884 939 1001 1113 
12 108 169 286 311 356 405 462 495 532 615 630 691 760 814 822 885 940 1002 1114 
13 109 170 287 312 357 406 463 496 533 616 631 692 761 815 823 886 941 1003 1115 
14 110 171 240 313 358 407 464 497 534 617 632 693 762 768 824 887 942 1004 1116 
15 111 172 241 314 359 408 465 498 535 618 633 694 763 769 825 888 943 1005 1117 
16 112 173 242 315 360 409 466 499 536 619 634 695 764 770 826 889 944 1006 1118 
17 113 174 243 316 361 410 467 500 537 620 635 696 765 771 827 890 945 1007 1119 
18 114 175 244 317 362 411 468 501 538 621 636 697 766 772 828 891 946 960 1120 
19 115 176 245 318 363 412 469 502 539 622 637 698 767 773 829 892 947 961 1121 
20 116 177 246 319 364 413 470 503 540 623 638 699 720 774 830 893 948 962 1122 
21 117 178 247 320 365 414 471 504 541 576 639 700 721 775 831 894 949 963 1123 
22 118 179 248 321 366 415 472 505 542 577 640 701 722 776 832 895 950 964 1124 
23 119 180 249 322 367 416 473 506 543 578 641 702 723 777 833 896 951 965 1125 
24 120 181 250 323 368 417 474 507 544 579 642 703 724 778 834 897 952 966 1126 
25 121 182 251 324 369 418 475 508 545 580 643 704 725 779 835 898 953 967 1127 
26 122 183 252 325 370 419 476 509 546 581 644 705 726 780 836 899 954 968 1128 
27 123 184 253 326 371 420 477 510 547 582 645 706 727 781 837 900 955 969 1129 
28 124 185 254 327 372 421 478 511 548 583 646 707 728 782 838 901 956 970 1130 
29 125 186 255 328 373 422 479 512 549 584 647 708 729 783 839 902 957 971 1131 
30 126 187 256 329 374 423 432 513 550 585 648 709 730 784 840 903 958 972 1132 
31 127 188 257 330 375 424 433 514 551 586 649 710 731 785 841 904 959 973 1133 
32 128 189 258 331 376 425 434 515 552 587 650 711 732 786 842 905 912 974 1134 
33 129 190 259 332 377 426 435 516 553 588 651 712 733 787 843 906 913 975 1135 
34 130 191 260 333 378 427 436 517 554 589 652 713 734 788 844 907 914 976 1136 
35 131 144 261 334 379 428 437 518 555 590 653 714 735 789 845 908 915 977 1137 
36 132 145 262 335 380 429 438 519 556 591 654 715 736 790 846 909 916 978 1138 
37 133 146 263 288 381 430 439 520 557 592 655 716 737 791 847 910 917 979 1139 
38 134 147 264 289 382 431 440 521 558 593 656 717 738 792 848 911 918 980 1140 
39 135 148 265 290 383 384 441 522 559 594 657 718 739 793 849 864 919 981 1141 
40 136 149 266 291 336 385 442 523 560 595 658 719 740 794 850 865 920 982 1142 
41 137 150 267 292 337 386 443 524 561 596 659 672 741 795 851 866 921 983 1143 
42 138 151 268 293 338 387 444 525 562 597 660 673 742 796 852 867 922 984 1144 
43 139 152 269 294 339 388 445 526 563 598 661 674 743 797 853 868 923 985 1145 
44 140 153 270 295 340 389 446 527 564 599 662 675 744 798 854 869 924 986 1146 
45 141 154 271 296 341 390 447 480 565 600 663 676 745 799 855 870 925 987 1147 
46 142 155 272 297 342 391 448 481 566 601 664 677 746 800 856 871 926 988 1148 
47 143 156 273 298 343 392 449 482 567 602 665 678 747 801 857 872 927 989 1149 
0 96 157 274 299 344 393 450 483 568 603 666 679 748 802 858 873 928 990 1150 
1 97 158 275 300 345 394 451 484 569 604 667 680 749 803 859 874 929 991 1151 

