1 77 107 255 264 403 448 476 554 572 654 709 733 780 868 904 940 1013 1068 1092 
2 78 108 256 265 404 449 477 555 573 655 710 734 781 869 905 941 1014 1069 1093 
3 79 109 257 266 405 450 478 556 574 656 711 735 782 870 906 942 1015 1070 1094 
4 80 110 258 267 406 451 479 557 575 657 712 736 783 871 907 943 1016 1071 1095 
5 81 111 259 268 407 452 480 558 576 658 713 737 784 872 908 944 1017 1072 1096 
6 82 112 208 269 408 453 481 559 577 659 714 738 785 873 909 945 1018 1073 1097 
7 83 113 209 270 409 454 482 560 578 660 715 739 786 874 910 946 1019 1074 1098 
8 84 114 210 271 410 455 483 561 579 661 716 740 787 875 911 947 1020 1075 1099 
9 85 115 211 272 411 456 484 562 580 662 717 741 788 876 912 948 1021 1076 1100 
10 86 116 212 273 412 457 485 563 581 663 718 742 789 877 913 949 1022 1077 1101 
11 87 117 213 274 413 458 486 564 582 664 719 743 790 878 914 950 1023 1078 1102 
12 88 118 214 275 414 459 487 565 583 665 720 744 791 879 915 951 1024 1079 1103 
13 89 119 215 276 415 460 488 566 584 666 721 745 792 880 916 952 1025 1080 1104 
14 90 120 216 277 364 461 489 567 585 667 722 746 793 881 917 953 1026 1081 1105 
15 91 121 217 278 365 462 490 568 586 668 723 747 794 882 918 954 1027 1082 1106 
16 92 122 218 279 366 463 491 569 587 669 724 748 795 883 919 955 1028 1083 1107 
17 93 123 219 280 367 464 492 570 588 670 725 749 796 832 920 956 1029 1084 1108 
18 94 124 220 281 368 465 493 571 589 671 726 750 797 833 921 957 1030 1085 1109 
19 95 125 221 282 369 466 494 520 590 672 727 751 798 834 922 958 1031 1086 1110 
20 96 126 222 283 370 467 495 521 591 673 676 752 799 835 923 959 1032 1087 1111 
21 97 127 223 284 371 416 496 522 592 674 677 753 800 836 924 960 1033 1088 1112 
22 98 128 224 285 372 417 497 523 593 675 678 754 801 837 925 961 1034 1089 1113 
23 99 129 225 286 373 418 498 524 594 624 679 755 802 838 926 962 1035 1090 1114 
24 100 130 226 287 374 419 499 525 595 625 680 756 803 839 927 963 1036 1091 1115 
25 101 131 227 288 375 420 500 526 596 626 681 757 804 840 928 964 1037 1040 1116 
26 102 132 228 289 376 421 501 527 597 627 682 758 805 841 929 965 1038 1041 1117 
27 103 133 229 290 377 422 502 528 598 628 683 759 806 842 930 966 1039 1042 1118 
28 52 134 230 291 378 423 503 529 599 629 684 760 807 843 931 967 988 1043 1119 
29 53 135 231 292 379 424 504 530 600 630 685 761 808 844 932 968 989 1044 1120 
30 54 136 232 293 380 425 505 531 601 631 686 762 809 845 933 969 990 1045 1121 
31 55 137 233 294 381 426 506 532 602 632 687 763 810 846 934 970 991 1046 1122 
32 56 138 234 295 382 427 507 533 603 633 688 764 811 847 935 971 992 1047 1123 
33 57 139 235 296 383 428 508 534 604 634 689 765 812 848 884 972 993 1048 1124 
34 58 140 236 297 384 429 509 535 605 635 690 766 813 849 885 973 994 1049 1125 
35 59 141 237 298 385 430 510 536 606 636 691 767 814 850 886 974 995 1050 1126 
36 60 142 238 299 386 431 511 537 607 637 692 768 815 851 887 975 996 1051 1127 
37 61 143 239 300 387 432 512 538 608 638 693 769 816 852 888 976 997 1052 1128 
38 62 144 240 301 388 433 513 539 609 639 694 770 817 853 889 977 998 1053 1129 
39 63 145 241 302 389 434 514 540 610 640 695 771 818 854 890 978 999 1054 1130 
40 64 146 242 303 390 435 515 541 611 641 696 772 819 855 891 979 1000 1055 1131 
41 65 147 243 304 391 436 516 542 612 642 697 773 820 856 892 980 1001 1056 1132 
42 66 148 244 305 392 437 517 543 613 643 698 774 821 857 893 981 1002 1057 1133 
43 67 149 245 306 393 438 518 544 614 644 699 775 822 858 894 982 1003 1058 1134 
44 68 150 246 307 394 439 519 545 615 645 700 776 823 859 895 983 1004 1059 1135 
45 69 151 247 308 395 440 468 546 616 646 701 777 824 860 896 984 1005 1060 1136 
46 70 152 248 309 396 441 469 547 617 647 702 778 825 861 897 985 1006 1061 1137 
47 71 153 249 310 397 442 470 548 618 648 703 779 826 862 898 986 1007 1062 1138 
48 72 154 250 311 398 443 471 549 619 649 704 728 827 863 899 987 1008 1063 1139 
49 73 155 251 260 399 444 472 550 620 650 705 729 828 864 900 936 1009 1064 1140 
50 74 104 252 261 400 445 473 551 621 651 706 730 829 865 901 937 1010 1065 1141 
51 75 105 253 262 401 446 474 552 622 652 707 731 830 866 902 938 1011 1066 1142 
0 76 106 254 263 402 447 475 553 623 653 708 732 831 867 903 939 1012 1067 1143 
58 192 248 307 324 391 463 561 593 636 695 742 800 832 928 985 988 1040 1092 1144 
59 193 249 308 325 392 464 562 594 637 696 743 801 833 929 986 989 1041 1093 1145 
60 194 250 309 326 393 465 563 595 638 697 744 802 834 930 987 990 1042 1094 1146 
61 195 251 310 327 394 466 564 596 639 698 745 803 835 931 936 991 1043 1095 1147 
62 196 252 311 328 395 467 565 597 640 699 746 804 836 932 937 992 1044 1096 1148 
63 197 253 260 329 396 416 566 598 641 700 747 805 837 933 938 993 1045 1097 1149 
64 198 254 261 330 397 417 567 599 642 701 748 806 838 934 939 994 1046 1098 1150 
65 199 255 262 331 398 418 568 600 643 702 749 807 839 935 940 995 1047 1099 1151 
66 200 256 263 332 399 419 569 601 644 703 750 808 840 884 941 996 1048 1100 1152 
67 201 257 264 333 400 420 570 602 645 704 751 809 841 885 942 997 1049 1101 1153 
68 202 258 265 334 401 421 571 603 646 705 752 810 842 886 943 998 1050 1102 1154 
69 203 259 266 335 402 422 520 604 647 706 753 811 843 887 944 999 1051 1103 1155 
70 204 208 267 336 403 423 521 605 648 707 754 812 844 888 945 1000 1052 1104 1156 
71 205 209 268 337 404 424 522 606 649 708 755 813 845 889 946 1001 1053 1105 1157 
72 206 210 269 338 405 425 523 607 650 709 756 814 846 890 947 1002 1054 1106 1158 
73 207 211 270 339 406 426 524 608 651 710 757 815 847 891 948 1003 1055 1107 1159 
74 156 212 271 340 407 427 525 609 652 711 758 816 848 892 949 1004 1056 1108 1160 
75 157 213 272 341 408 428 526 610 653 712 759 817 849 893 950 1005 1057 1109 1161 
76 158 214 273 342 409 429 527 611 654 713 760 818 850 894 951 1006 1058 1110 1162 
77 159 215 274 343 410 430 528 612 655 714 761 819 851 895 952 1007 1059 1111 1163 
78 160 216 275 344 411 431 529 613 656 715 762 820 852 896 953 1008 1060 1112 1164 
79 161 217 276 345 412 432 530 614 657 716 763 821 853 897 954 1009 1061 1113 1165 
80 162 218 277 346 413 433 531 615 658 717 764 822 854 898 955 1010 1062 1114 1166 
81 163 219 278 347 414 434 532 616 659 718 765 823 855 899 956 1011 1063 1115 1167 
82 164 220 279 348 415 435 533 617 660 719 766 824 856 900 957 1012 1064 1116 1168 
83 165 221 280 349 364 436 534 618 661 720 767 825 857 901 958 1013 1065 1117 1169 
84 166 222 281 350 365 437 535 619 662 721 768 826 858 902 959 1014 1066 1118 1170 
85 167 223 282 351 366 438 536 620 663 722 769 827 859 903 960 1015 1067 1119 1171 
86 168 224 283 352 367 439 537 621 664 723 770 828 860 904 961 1016 1068 1120 1172 
87 169 225 284 353 368 440 538 622 665 724 771 829 861 905 962 1017 1069 1121 1173 
88 170 226 285 354 369 441 539 623 666 725 772 830 862 906 963 1018 1070 1122 1174 
89 171 227 286 355 370 442 540 572 667 726 773 831 863 907 964 1019 1071 1123 1175 
90 172 228 287 356 371 443 541 573 668 727 774 780 864 908 965 1020 1072 1124 1176 
91 173 229 288 357 372 444 542 574 669 676 775 781 865 909 966 1021 1073 1125 1177 
92 174 230 289 358 373 445 543 575 670 677 776 782 866 910 967 1022 1074 1126 1178 
93 175 231 290 359 374 446 544 576 671 678 777 783 867 911 968 1023 1075 1127 1179 
94 176 232 291 360 375 447 545 577 672 679 778 784 868 912 969 1024 1076 1128 1180 
95 177 233 292 361 376 448 546 578 673 680 779 785 869 913 970 1025 1077 1129 1181 
96 178 234 293 362 377 449 547 579 674 681 728 786 870 914 971 1026 1078 1130 1182 
97 179 235 294 363 378 450 548 580 675 682 729 787 871 915 972 1027 1079 1131 1183 
98 180 236 295 312 379 451 549 581 624 683 730 788 872 916 973 1028 1080 1132 1184 
99 181 237 296 313 380 452 550 582 625 684 731 789 873 917 974 1029 1081 1133 1185 
100 182 238 297 314 381 453 551 583 626 685 732 790 874 918 975 1030 1082 1134 1186 
101 183 239 298 315 382 454 552 584 627 686 733 791 875 919 976 1031 1083 1135 1187 
102 184 240 299 316 383 455 553 585 628 687 734 792 876 920 977 1032 1084 1136 1188 
103 185 241 300 317 384 456 554 586 629 688 735 793 877 921 978 1033 1085 1137 1189 
52 186 242 301 318 385 457 555 587 630 689 736 794 878 922 979 1034 1086 1138 1190 
53 187 243 302 319 386 458 556 588 631 690 737 795 879 923 980 1035 1087 1139 1191 
54 188 244 303 320 387 459 557 589 632 691 738 796 880 924 981 1036 1088 1140 1192 
55 189 245 304 321 388 460 558 590 633 692 739 797 881 925 982 1037 1089 1141 1193 
56 190 246 305 322 389 461 559 591 634 693 740 798 882 926 983 1038 1090 1142 1194 
57 191 247 306 323 390 462 560 592 635 694 741 799 883 927 984 1039 1091 1143 1195 
51 81 135 160 223 333 447 492 559 581 653 685 762 806 840 920 951 1003 1144 1196 
0 82 136 161 224 334 448 493 560 582 654 686 763 807 841 921 952 1004 1145 1197 
1 83 137 162 225 335 449 494 561 583 655 687 764 808 842 922 953 1005 1146 1198 
2 84 138 163 226 336 450 495 562 584 656 688 765 809 843 923 954 1006 1147 1199 
3 85 139 164 227 337 451 496 563 585 657 689 766 810 844 924 955 1007 1148 1200 
4 86 140 165 228 338 452 497 564 586 658 690 767 811 845 925 956 1008 1149 1201 
5 87 141 166 229 339 453 498 565 587 659 691 768 812 846 926 957 1009 1150 1202 
6 88 142 167 230 340 454 499 566 588 660 692 769 813 847 927 958 1010 1151 1203 
7 89 143 168 231 341 455 500 567 589 661 693 770 814 848 928 959 1011 1152 1204 
8 90 144 169 232 342 456 501 568 590 662 694 771 815 849 929 960 1012 1153 1205 
9 91 145 170 233 343 457 502 569 591 663 695 772 816 850 930 961 1013 1154 1206 
10 92 146 171 234 344 458 503 570 592 664 696 773 817 851 931 962 1014 1155 1207 
11 93 147 172 235 345 459 504 571 593 665 697 774 818 852 932 963 1015 1156 1208 
12 94 148 173 236 346 460 505 520 594 666 698 775 819 853 933 964 1016 1157 1209 
13 95 149 174 237 347 461 506 521 595 667 699 776 820 854 934 965 1017 1158 1210 
14 96 150 175 238 348 462 507 522 596 668 700 777 821 855 935 966 1018 1159 1211 
15 97 151 176 239 349 463 508 523 597 669 701 778 822 856 884 967 1019 1160 1212 
16 98 152 177 240 350 464 509 524 598 670 702 779 823 857 885 968 1020 1161 1213 
17 99 153 178 241 351 465 510 525 599 671 703 728 824 858 886 969 1021 1162 1214 
18 100 154 179 242 352 466 511 526 600 672 704 729 825 859 887 970 1022 1163 1215 
19 101 155 180 243 353 467 512 527 601 673 705 730 826 860 888 971 1023 1164 1216 
20 102 104 181 244 354 416 513 528 602 674 706 731 827 861 889 972 1024 1165 1217 
21 103 105 182 245 355 417 514 529 603 675 707 732 828 862 890 973 1025 1166 1218 
22 52 106 183 246 356 418 515 530 604 624 708 733 829 863 891 974 1026 1167 1219 
23 53 107 184 247 357 419 516 531 605 625 709 734 830 864 892 975 1027 1168 1220 
24 54 108 185 248 358 420 517 532 606 626 710 735 831 865 893 976 1028 1169 1221 
25 55 109 186 249 359 421 518 533 607 627 711 736 780 866 894 977 1029 1170 1222 
26 56 110 187 250 360 422 519 534 608 628 712 737 781 867 895 978 1030 1171 1223 
27 57 111 188 251 361 423 468 535 609 629 713 738 782 868 896 979 1031 1172 1224 
28 58 112 189 252 362 424 469 536 610 630 714 739 783 869 897 980 1032 1173 1225 
29 59 113 190 253 363 425 470 537 611 631 715 740 784 870 898 981 1033 1174 1226 
30 60 114 191 254 312 426 471 538 612 632 716 741 785 871 899 982 1034 1175 1227 
31 61 115 192 255 313 427 472 539 613 633 717 742 786 872 900 983 1035 1176 1228 
32 62 116 193 256 314 428 473 540 614 634 718 743 787 873 901 984 1036 1177 1229 
33 63 117 194 257 315 429 474 541 615 635 719 744 788 874 902 985 1037 1178 1230 
34 64 118 195 258 316 430 475 542 616 636 720 745 789 875 903 986 1038 1179 1231 
35 65 119 196 259 317 431 476 543 617 637 721 746 790 876 904 987 1039 1180 1232 
36 66 120 197 208 318 432 477 544 618 638 722 747 791 877 905 936 988 1181 1233 
37 67 121 198 209 319 433 478 545 619 639 723 748 792 878 906 937 989 1182 1234 
38 68 122 199 210 320 434 479 546 620 640 724 749 793 879 907 938 990 1183 1235 
39 69 123 200 211 321 435 480 547 621 641 725 750 794 880 908 939 991 1184 1236 
40 70 124 201 212 322 436 481 548 622 642 726 751 795 881 909 940 992 1185 1237 
41 71 125 202 213 323 437 482 549 623 643 727 752 796 882 910 941 993 1186 1238 
42 72 126 203 214 324 438 483 550 572 644 676 753 797 883 911 942 994 1187 1239 
43 73 127 204 215 325 439 484 551 573 645 677 754 798 832 912 943 995 1188 1240 
44 74 128 205 216 326 440 485 552 574 646 678 755 799 833 913 944 996 1189 1241 
45 75 129 206 217 327 441 486 553 575 647 679 756 800 834 914 945 997 1190 1242 
46 76 130 207 218 328 442 487 554 576 648 680 757 801 835 915 946 998 1191 1243 
47 77 131 156 219 329 443 488 555 577 649 681 758 802 836 916 947 999 1192 1244 
48 78 132 157 220 330 444 489 556 578 650 682 759 803 837 917 948 1000 1193 1245 
49 79 133 158 221 331 445 490 557 579 651 683 760 804 838 918 949 1001 1194 1246 
50 80 134 159 222 332 446 491 558 580 652 684 761 805 839 919 950 1002 1195 1247 
50 154 171 296 325 374 427 488 521 610 653 716 733 810 864 924 947 1002 1068 1196 
51 155 172 297 326 375 428 489 522 611 654 717 734 811 865 925 948 1003 1069 1197 
0 104 173 298 327 376 429 490 523 612 655 718 735 812 866 926 949 1004 1070 1198 
1 105 174 299 328 377 430 491 524 613 656 719 736 813 867 927 950 1005 1071 1199 
2 106 175 300 329 378 431 492 525 614 657 720 737 814 868 928 951 1006 1072 1200 
3 107 176 301 330 379 432 493 526 615 658 721 738 815 869 929 952 1007 1073 1201 
4 108 177 302 331 380 433 494 527 616 659 722 739 816 870 930 953 1008 1074 1202 
5 109 178 303 332 381 434 495 528 617 660 723 740 817 871 931 954 1009 1075 1203 
6 110 179 304 333 382 435 496 529 618 661 724 741 818 872 932 955 1010 1076 1204 
7 111 180 305 334 383 436 497 530 619 662 725 742 819 873 933 956 1011 1077 1205 
8 112 181 306 335 384 437 498 531 620 663 726 743 820 874 934 957 1012 1078 1206 
9 113 182 307 336 385 438 499 532 621 664 727 744 821 875 935 958 1013 1079 1207 
10 114 183 308 337 386 439 500 533 622 665 676 745 822 876 884 959 1014 1080 1208 
11 115 184 309 338 387 440 501 534 623 666 677 746 823 877 885 960 1015 1081 1209 
12 116 185 310 339 388 441 502 535 572 667 678 747 824 878 886 961 1016 1082 1210 
13 117 186 311 340 389 442 503 536 573 668 679 748 825 879 887 962 1017 1083 1211 
14 118 187 260 341 390 443 504 537 574 669 680 749 826 880 888 963 1018 1084 1212 
15 119 188 261 342 391 444 505 538 575 670 681 750 827 881 889 964 1019 1085 1213 
16 120 189 262 343 392 445 506 539 576 671 682 751 828 882 890 965 1020 1086 1214 
17 121 190 263 344 393 446 507 540 577 672 683 752 829 883 891 966 1021 1087 1215 
18 122 191 264 345 394 447 508 541 578 673 684 753 830 832 892 967 1022 1088 1216 
19 123 192 265 346 395 448 509 542 579 674 685 754 831 833 893 968 1023 1089 1217 
20 124 193 266 347 396 449 510 543 580 675 686 755 780 834 894 969 1024 1090 1218 
21 125 194 267 348 397 450 511 544 581 624 687 756 781 835 895 970 1025 1091 1219 
22 126 195 268 349 398 451 512 545 582 625 688 757 782 836 896 971 1026 1040 1220 
23 127 196 269 350 399 452 513 546 583 626 689 758 783 837 897 972 1027 1041 1221 
24 128 197 270 351 400 453 514 547 584 627 690 759 784 838 898 973 1028 1042 1222 
25 129 198 271 352 401 454 515 548 585 628 691 760 785 839 899 974 1029 1043 1223 
26 130 199 272 353 402 455 516 549 586 629 692 761 786 840 900 975 1030 1044 1224 
27 131 200 273 354 403 456 517 550 587 630 693 762 787 841 901 976 1031 1045 1225 
28 132 201 274 355 404 457 518 551 588 631 694 763 788 842 902 977 1032 1046 1226 
29 133 202 275 356 405 458 519 552 589 632 695 764 789 843 903 978 1033 1047 1227 
30 134 203 276 357 406 459 468 553 590 633 696 765 790 844 904 979 1034 1048 1228 
31 135 204 277 358 407 460 469 554 591 634 697 766 791 845 905 980 1035 1049 1229 
32 136 205 278 359 408 461 470 555 592 635 698 767 792 846 906 981 1036 1050 1230 
33 137 206 279 360 409 462 471 556 593 636 699 768 793 847 907 982 1037 1051 1231 
34 138 207 280 361 410 463 472 557 594 637 700 769 794 848 908 983 1038 1052 1232 
35 139 156 281 362 411 464 473 558 595 638 701 770 795 849 909 984 1039 1053 1233 
36 140 157 282 363 412 465 474 559 596 639 702 771 796 850 910 985 988 1054 1234 
37 141 158 283 312 413 466 475 560 597 640 703 772 797 851 911 986 989 1055 1235 
38 142 159 284 313 414 467 476 561 598 641 704 773 798 852 912 987 990 1056 1236 
39 143 160 285 314 415 416 477 562 599 642 705 774 799 853 913 936 991 1057 1237 
40 144 161 286 315 364 417 478 563 600 643 706 775 800 854 914 937 992 1058 1238 
41 145 162 287 316 365 418 479 564 601 644 707 776 801 855 915 938 993 1059 1239 
42 146 163 288 317 366 419 480 565 602 645 708 777 802 856 916 939 994 1060 1240 
43 147 164 289 318 367 420 481 566 603 646 709 778 803 857 917 940 995 1061 1241 
44 148 165 290 319 368 421 482 567 604 647 710 779 804 858 918 941 996 1062 1242 
45 149 166 291 320 369 422 483 568 605 648 711 728 805 859 919 942 997 1063 1243 
46 150 167 292 321 370 423 484 569 606 649 712 729 806 860 920 943 998 1064 1244 
47 151 168 293 322 371 424 485 570 607 650 713 730 807 861 921 944 999 1065 1245 
48 152 169 294 323 372 425 486 571 608 651 714 731 808 862 922 945 1000 1066 1246 
49 153 170 295 324 373 426 487 520 609 652 715 732 809 863 923 946 1001 1067 1247 

