94 125 419 499 631 676 
95 126 420 500 632 677 
96 127 421 501 633 678 
97 128 422 502 634 679 
98 129 423 503 635 680 
99 130 424 504 636 681 
100 131 425 505 637 682 
101 132 426 506 638 683 
102 133 427 507 639 684 
103 134 428 508 640 685 
52 135 429 509 641 686 
53 136 430 510 642 687 
54 137 431 511 643 688 
55 138 432 512 644 689 
56 139 433 513 645 690 
57 140 434 514 646 691 
58 141 435 515 647 692 
59 142 436 516 648 693 
60 143 437 517 649 694 
61 144 438 518 650 695 
62 145 439 519 651 696 
63 146 440 468 652 697 
64 147 441 469 653 698 
65 148 442 470 654 699 
66 149 443 471 655 700 
67 150 444 472 656 701 
68 151 445 473 657 702 
69 152 446 474 658 703 
70 153 447 475 659 704 
71 154 448 476 660 705 
72 155 449 477 661 706 
73 104 450 478 662 707 
74 105 451 479 663 708 
75 106 452 480 664 709 
76 107 453 481 665 710 
77 108 454 482 666 711 
78 109 455 483 667 712 
79 110 456 484 668 713 
80 111 457 485 669 714 
81 112 458 486 670 715 
82 113 459 487 671 716 
83 114 460 488 672 717 
84 115 461 489 673 718 
85 116 462 490 674 719 
86 117 463 491 675 720 
87 118 464 492 624 721 
88 119 465 493 625 722 
89 120 466 494 626 723 
90 121 467 495 627 724 
91 122 416 496 628 725 
92 123 417 497 629 726 
93 124 418 498 630 727 
9 151 429 493 780 832 
10 152 430 494 781 833 
11 153 431 495 782 834 
12 154 432 496 783 835 
13 155 433 497 784 836 
14 104 434 498 785 837 
15 105 435 499 786 838 
16 106 436 500 787 839 
17 107 437 501 788 840 
18 108 438 502 789 841 
19 109 439 503 790 842 
20 110 440 504 791 843 
21 111 441 505 792 844 
22 112 442 506 793 845 
23 113 443 507 794 846 
24 114 444 508 795 847 
25 115 445 509 796 848 
26 116 446 510 797 849 
27 117 447 511 798 850 
28 118 448 512 799 851 
29 119 449 513 800 852 
30 120 450 514 801 853 
31 121 451 515 802 854 
32 122 452 516 803 855 
33 123 453 517 804 856 
34 124 454 518 805 857 
35 125 455 519 806 858 
36 126 456 468 807 859 
37 127 457 469 808 860 
38 128 458 470 809 861 
39 129 459 471 810 862 
40 130 460 472 811 863 
41 131 461 473 812 864 
42 132 462 474 813 865 
43 133 463 475 814 866 
44 134 464 476 815 867 
45 135 465 477 816 868 
46 136 466 478 817 869 
47 137 467 479 818 870 
48 138 416 480 819 871 
49 139 417 481 820 872 
50 140 418 482 821 873 
51 141 419 483 822 874 
0 142 420 484 823 875 
1 143 421 485 824 876 
2 144 422 486 825 877 
3 145 423 487 826 878 
4 146 424 488 827 879 
5 147 425 489 828 880 
6 148 426 490 829 881 
7 149 427 491 830 882 
8 150 428 492 831 883 
143 344 509 540 832 884 
144 345 510 541 833 885 
145 346 511 542 834 886 
146 347 512 543 835 887 
147 348 513 544 836 888 
148 349 514 545 837 889 
149 350 515 546 838 890 
150 351 516 547 839 891 
151 352 517 548 840 892 
152 353 518 549 841 893 
153 354 519 550 842 894 
154 355 468 551 843 895 
155 356 469 552 844 896 
104 357 470 553 845 897 
105 358 471 554 846 898 
106 359 472 555 847 899 
107 360 473 556 848 900 
108 361 474 557 849 901 
109 362 475 558 850 902 
110 363 476 559 851 903 
111 312 477 560 852 904 
112 313 478 561 853 905 
113 314 479 562 854 906 
114 315 480 563 855 907 
115 316 481 564 856 908 
116 317 482 565 857 909 
117 318 483 566 858 910 
118 319 484 567 859 911 
119 320 485 568 860 912 
120 321 486 569 861 913 
121 322 487 570 862 914 
122 323 488 571 863 915 
123 324 489 520 864 916 
124 325 490 521 865 917 
125 326 491 522 866 918 
126 327 492 523 867 919 
127 328 493 524 868 920 
128 329 494 525 869 921 
129 330 495 526 870 922 
130 331 496 527 871 923 
131 332 497 528 872 924 
132 333 498 529 873 925 
133 334 499 530 874 926 
134 335 500 531 875 927 
135 336 501 532 876 928 
136 337 502 533 877 929 
137 338 503 534 878 930 
138 339 504 535 879 931 
139 340 505 536 880 932 
140 341 506 537 881 933 
141 342 507 538 882 934 
142 343 508 539 883 935 
147 157 482 538 936 988 
148 158 483 539 937 989 
149 159 484 540 938 990 
150 160 485 541 939 991 
151 161 486 542 940 992 
152 162 487 543 941 993 
153 163 488 544 942 994 
154 164 489 545 943 995 
155 165 490 546 944 996 
104 166 491 547 945 997 
105 167 492 548 946 998 
106 168 493 549 947 999 
107 169 494 550 948 1000 
108 170 495 551 949 1001 
109 171 496 552 950 1002 
110 172 497 553 951 1003 
111 173 498 554 952 1004 
112 174 499 555 953 1005 
113 175 500 556 954 1006 
114 176 501 557 955 1007 
115 177 502 558 956 1008 
116 178 503 559 957 1009 
117 179 504 560 958 1010 
118 180 505 561 959 1011 
119 181 506 562 960 1012 
120 182 507 563 961 1013 
121 183 508 564 962 1014 
122 184 509 565 963 1015 
123 185 510 566 964 1016 
124 186 511 567 965 1017 
125 187 512 568 966 1018 
126 188 513 569 967 1019 
127 189 514 570 968 1020 
128 190 515 571 969 1021 
129 191 516 520 970 1022 
130 192 517 521 971 1023 
131 193 518 522 972 1024 
132 194 519 523 973 1025 
133 195 468 524 974 1026 
134 196 469 525 975 1027 
135 197 470 526 976 1028 
136 198 471 527 977 1029 
137 199 472 528 978 1030 
138 200 473 529 979 1031 
139 201 474 530 980 1032 
140 202 475 531 981 1033 
141 203 476 532 982 1034 
142 204 477 533 983 1035 
143 205 478 534 984 1036 
144 206 479 535 985 1037 
145 207 480 536 986 1038 
146 156 481 537 987 1039 
63 125 314 515 988 1040 
64 126 315 516 989 1041 
65 127 316 517 990 1042 
66 128 317 518 991 1043 
67 129 318 519 992 1044 
68 130 319 468 993 1045 
69 131 320 469 994 1046 
70 132 321 470 995 1047 
71 133 322 471 996 1048 
72 134 323 472 997 1049 
73 135 324 473 998 1050 
74 136 325 474 999 1051 
75 137 326 475 1000 1052 
76 138 327 476 1001 1053 
77 139 328 477 1002 1054 
78 140 329 478 1003 1055 
79 141 330 479 1004 1056 
80 142 331 480 1005 1057 
81 143 332 481 1006 1058 
82 144 333 482 1007 1059 
83 145 334 483 1008 1060 
84 146 335 484 1009 1061 
85 147 336 485 1010 1062 
86 148 337 486 1011 1063 
87 149 338 487 1012 1064 
88 150 339 488 1013 1065 
89 151 340 489 1014 1066 
90 152 341 490 1015 1067 
91 153 342 491 1016 1068 
92 154 343 492 1017 1069 
93 155 344 493 1018 1070 
94 104 345 494 1019 1071 
95 105 346 495 1020 1072 
96 106 347 496 1021 1073 
97 107 348 497 1022 1074 
98 108 349 498 1023 1075 
99 109 350 499 1024 1076 
100 110 351 500 1025 1077 
101 111 352 501 1026 1078 
102 112 353 502 1027 1079 
103 113 354 503 1028 1080 
52 114 355 504 1029 1081 
53 115 356 505 1030 1082 
54 116 357 506 1031 1083 
55 117 358 507 1032 1084 
56 118 359 508 1033 1085 
57 119 360 509 1034 1086 
58 120 361 510 1035 1087 
59 121 362 511 1036 1088 
60 122 363 512 1037 1089 
61 123 312 513 1038 1090 
62 124 313 514 1039 1091 
302 371 538 592 1092 1144 
303 372 539 593 1093 1145 
304 373 540 594 1094 1146 
305 374 541 595 1095 1147 
306 375 542 596 1096 1148 
307 376 543 597 1097 1149 
308 377 544 598 1098 1150 
309 378 545 599 1099 1151 
310 379 546 600 1100 1152 
311 380 547 601 1101 1153 
260 381 548 602 1102 1154 
261 382 549 603 1103 1155 
262 383 550 604 1104 1156 
263 384 551 605 1105 1157 
264 385 552 606 1106 1158 
265 386 553 607 1107 1159 
266 387 554 608 1108 1160 
267 388 555 609 1109 1161 
268 389 556 610 1110 1162 
269 390 557 611 1111 1163 
270 391 558 612 1112 1164 
271 392 559 613 1113 1165 
272 393 560 614 1114 1166 
273 394 561 615 1115 1167 
274 395 562 616 1116 1168 
275 396 563 617 1117 1169 
276 397 564 618 1118 1170 
277 398 565 619 1119 1171 
278 399 566 620 1120 1172 
279 400 567 621 1121 1173 
280 401 568 622 1122 1174 
281 402 569 623 1123 1175 
282 403 570 572 1124 1176 
283 404 571 573 1125 1177 
284 405 520 574 1126 1178 
285 406 521 575 1127 1179 
286 407 522 576 1128 1180 
287 408 523 577 1129 1181 
288 409 524 578 1130 1182 
289 410 525 579 1131 1183 
290 411 526 580 1132 1184 
291 412 527 581 1133 1185 
292 413 528 582 1134 1186 
293 414 529 583 1135 1187 
294 415 530 584 1136 1188 
295 364 531 585 1137 1189 
296 365 532 586 1138 1190 
297 366 533 587 1139 1191 
298 367 534 588 1140 1192 
299 368 535 589 1141 1193 
300 369 536 590 1142 1194 
301 370 537 591 1143 1195 
111 169 455 517 1144 1196 
112 170 456 518 1145 1197 
113 171 457 519 1146 1198 
114 172 458 468 1147 1199 
115 173 459 469 1148 1200 
116 174 460 470 1149 1201 
117 175 461 471 1150 1202 
118 176 462 472 1151 1203 
119 177 463 473 1152 1204 
120 178 464 474 1153 1205 
121 179 465 475 1154 1206 
122 180 466 476 1155 1207 
123 181 467 477 1156 1208 
124 182 416 478 1157 1209 
125 183 417 479 1158 1210 
126 184 418 480 1159 1211 
127 185 419 481 1160 1212 
128 186 420 482 1161 1213 
129 187 421 483 1162 1214 
130 188 422 484 1163 1215 
131 189 423 485 1164 1216 
132 190 424 486 1165 1217 
133 191 425 487 1166 1218 
134 192 426 488 1167 1219 
135 193 427 489 1168 1220 
136 194 428 490 1169 1221 
137 195 429 491 1170 1222 
138 196 430 492 1171 1223 
139 197 431 493 1172 1224 
140 198 432 494 1173 1225 
141 199 433 495 1174 1226 
142 200 434 496 1175 1227 
143 201 435 497 1176 1228 
144 202 436 498 1177 1229 
145 203 437 499 1178 1230 
146 204 438 500 1179 1231 
147 205 439 501 1180 1232 
148 206 440 502 1181 1233 
149 207 441 503 1182 1234 
150 156 442 504 1183 1235 
151 157 443 505 1184 1236 
152 158 444 506 1185 1237 
153 159 445 507 1186 1238 
154 160 446 508 1187 1239 
155 161 447 509 1188 1240 
104 162 448 510 1189 1241 
105 163 449 511 1190 1242 
106 164 450 512 1191 1243 
107 165 451 513 1192 1244 
108 166 452 514 1193 1245 
109 167 453 515 1194 1246 
110 168 454 516 1195 1247 
43 274 405 598 631 1196 
44 275 406 599 632 1197 
45 276 407 600 633 1198 
46 277 408 601 634 1199 
47 278 409 602 635 1200 
48 279 410 603 636 1201 
49 280 411 604 637 1202 
50 281 412 605 638 1203 
51 282 413 606 639 1204 
0 283 414 607 640 1205 
1 284 415 608 641 1206 
2 285 364 609 642 1207 
3 286 365 610 643 1208 
4 287 366 611 644 1209 
5 288 367 612 645 1210 
6 289 368 613 646 1211 
7 290 369 614 647 1212 
8 291 370 615 648 1213 
9 292 371 616 649 1214 
10 293 372 617 650 1215 
11 294 373 618 651 1216 
12 295 374 619 652 1217 
13 296 375 620 653 1218 
14 297 376 621 654 1219 
15 298 377 622 655 1220 
16 299 378 623 656 1221 
17 300 379 572 657 1222 
18 301 380 573 658 1223 
19 302 381 574 659 1224 
20 303 382 575 660 1225 
21 304 383 576 661 1226 
22 305 384 577 662 1227 
23 306 385 578 663 1228 
24 307 386 579 664 1229 
25 308 387 580 665 1230 
26 309 388 581 666 1231 
27 310 389 582 667 1232 
28 311 390 583 668 1233 
29 260 391 584 669 1234 
30 261 392 585 670 1235 
31 262 393 586 671 1236 
32 263 394 587 672 1237 
33 264 395 588 673 1238 
34 265 396 589 674 1239 
35 266 397 590 675 1240 
36 267 398 591 624 1241 
37 268 399 592 625 1242 
38 269 400 593 626 1243 
39 270 401 594 627 1244 
40 271 402 595 628 1245 
41 272 403 596 629 1246 
42 273 404 597 630 1247 
79 282 339 373 584 676 728 
80 283 340 374 585 677 729 
81 284 341 375 586 678 730 
82 285 342 376 587 679 731 
83 286 343 377 588 680 732 
84 287 344 378 589 681 733 
85 288 345 379 590 682 734 
86 289 346 380 591 683 735 
87 290 347 381 592 684 736 
88 291 348 382 593 685 737 
89 292 349 383 594 686 738 
90 293 350 384 595 687 739 
91 294 351 385 596 688 740 
92 295 352 386 597 689 741 
93 296 353 387 598 690 742 
94 297 354 388 599 691 743 
95 298 355 389 600 692 744 
96 299 356 390 601 693 745 
97 300 357 391 602 694 746 
98 301 358 392 603 695 747 
99 302 359 393 604 696 748 
100 303 360 394 605 697 749 
101 304 361 395 606 698 750 
102 305 362 396 607 699 751 
103 306 363 397 608 700 752 
52 307 312 398 609 701 753 
53 308 313 399 610 702 754 
54 309 314 400 611 703 755 
55 310 315 401 612 704 756 
56 311 316 402 613 705 757 
57 260 317 403 614 706 758 
58 261 318 404 615 707 759 
59 262 319 405 616 708 760 
60 263 320 406 617 709 761 
61 264 321 407 618 710 762 
62 265 322 408 619 711 763 
63 266 323 409 620 712 764 
64 267 324 410 621 713 765 
65 268 325 411 622 714 766 
66 269 326 412 623 715 767 
67 270 327 413 572 716 768 
68 271 328 414 573 717 769 
69 272 329 415 574 718 770 
70 273 330 364 575 719 771 
71 274 331 365 576 720 772 
72 275 332 366 577 721 773 
73 276 333 367 578 722 774 
74 277 334 368 579 723 775 
75 278 335 369 580 724 776 
76 279 336 370 581 725 777 
77 280 337 371 582 726 778 
78 281 338 372 583 727 779 
180 230 289 397 572 728 780 
181 231 290 398 573 729 781 
182 232 291 399 574 730 782 
183 233 292 400 575 731 783 
184 234 293 401 576 732 784 
185 235 294 402 577 733 785 
186 236 295 403 578 734 786 
187 237 296 404 579 735 787 
188 238 297 405 580 736 788 
189 239 298 406 581 737 789 
190 240 299 407 582 738 790 
191 241 300 408 583 739 791 
192 242 301 409 584 740 792 
193 243 302 410 585 741 793 
194 244 303 411 586 742 794 
195 245 304 412 587 743 795 
196 246 305 413 588 744 796 
197 247 306 414 589 745 797 
198 248 307 415 590 746 798 
199 249 308 364 591 747 799 
200 250 309 365 592 748 800 
201 251 310 366 593 749 801 
202 252 311 367 594 750 802 
203 253 260 368 595 751 803 
204 254 261 369 596 752 804 
205 255 262 370 597 753 805 
206 256 263 371 598 754 806 
207 257 264 372 599 755 807 
156 258 265 373 600 756 808 
157 259 266 374 601 757 809 
158 208 267 375 602 758 810 
159 209 268 376 603 759 811 
160 210 269 377 604 760 812 
161 211 270 378 605 761 813 
162 212 271 379 606 762 814 
163 213 272 380 607 763 815 
164 214 273 381 608 764 816 
165 215 274 382 609 765 817 
166 216 275 383 610 766 818 
167 217 276 384 611 767 819 
168 218 277 385 612 768 820 
169 219 278 386 613 769 821 
170 220 279 387 614 770 822 
171 221 280 388 615 771 823 
172 222 281 389 616 772 824 
173 223 282 390 617 773 825 
174 224 283 391 618 774 826 
175 225 284 392 619 775 827 
176 226 285 393 620 776 828 
177 227 286 394 621 777 829 
178 228 287 395 622 778 830 
179 229 288 396 623 779 831 
254 300 394 599 624 884 936 
255 301 395 600 625 885 937 
256 302 396 601 626 886 938 
257 303 397 602 627 887 939 
258 304 398 603 628 888 940 
259 305 399 604 629 889 941 
208 306 400 605 630 890 942 
209 307 401 606 631 891 943 
210 308 402 607 632 892 944 
211 309 403 608 633 893 945 
212 310 404 609 634 894 946 
213 311 405 610 635 895 947 
214 260 406 611 636 896 948 
215 261 407 612 637 897 949 
216 262 408 613 638 898 950 
217 263 409 614 639 899 951 
218 264 410 615 640 900 952 
219 265 411 616 641 901 953 
220 266 412 617 642 902 954 
221 267 413 618 643 903 955 
222 268 414 619 644 904 956 
223 269 415 620 645 905 957 
224 270 364 621 646 906 958 
225 271 365 622 647 907 959 
226 272 366 623 648 908 960 
227 273 367 572 649 909 961 
228 274 368 573 650 910 962 
229 275 369 574 651 911 963 
230 276 370 575 652 912 964 
231 277 371 576 653 913 965 
232 278 372 577 654 914 966 
233 279 373 578 655 915 967 
234 280 374 579 656 916 968 
235 281 375 580 657 917 969 
236 282 376 581 658 918 970 
237 283 377 582 659 919 971 
238 284 378 583 660 920 972 
239 285 379 584 661 921 973 
240 286 380 585 662 922 974 
241 287 381 586 663 923 975 
242 288 382 587 664 924 976 
243 289 383 588 665 925 977 
244 290 384 589 666 926 978 
245 291 385 590 667 927 979 
246 292 386 591 668 928 980 
247 293 387 592 669 929 981 
248 294 388 593 670 930 982 
249 295 389 594 671 931 983 
250 296 390 595 672 932 984 
251 297 391 596 673 933 985 
252 298 392 597 674 934 986 
253 299 393 598 675 935 987 
12 239 284 407 623 1040 1092 
13 240 285 408 572 1041 1093 
14 241 286 409 573 1042 1094 
15 242 287 410 574 1043 1095 
16 243 288 411 575 1044 1096 
17 244 289 412 576 1045 1097 
18 245 290 413 577 1046 1098 
19 246 291 414 578 1047 1099 
20 247 292 415 579 1048 1100 
21 248 293 364 580 1049 1101 
22 249 294 365 581 1050 1102 
23 250 295 366 582 1051 1103 
24 251 296 367 583 1052 1104 
25 252 297 368 584 1053 1105 
26 253 298 369 585 1054 1106 
27 254 299 370 586 1055 1107 
28 255 300 371 587 1056 1108 
29 256 301 372 588 1057 1109 
30 257 302 373 589 1058 1110 
31 258 303 374 590 1059 1111 
32 259 304 375 591 1060 1112 
33 208 305 376 592 1061 1113 
34 209 306 377 593 1062 1114 
35 210 307 378 594 1063 1115 
36 211 308 379 595 1064 1116 
37 212 309 380 596 1065 1117 
38 213 310 381 597 1066 1118 
39 214 311 382 598 1067 1119 
40 215 260 383 599 1068 1120 
41 216 261 384 600 1069 1121 
42 217 262 385 601 1070 1122 
43 218 263 386 602 1071 1123 
44 219 264 387 603 1072 1124 
45 220 265 388 604 1073 1125 
46 221 266 389 605 1074 1126 
47 222 267 390 606 1075 1127 
48 223 268 391 607 1076 1128 
49 224 269 392 608 1077 1129 
50 225 270 393 609 1078 1130 
51 226 271 394 610 1079 1131 
0 227 272 395 611 1080 1132 
1 228 273 396 612 1081 1133 
2 229 274 397 613 1082 1134 
3 230 275 398 614 1083 1135 
4 231 276 399 615 1084 1136 
5 232 277 400 616 1085 1137 
6 233 278 401 617 1086 1138 
7 234 279 402 618 1087 1139 
8 235 280 403 619 1088 1140 
9 236 281 404 620 1089 1141 
10 237 282 405 621 1090 1142 
11 238 283 406 622 1091 1143 

