94 129 503 531 679 728 
95 130 448 532 680 729 
96 131 449 533 681 730 
97 132 450 534 682 731 
98 133 451 535 683 732 
99 134 452 536 684 733 
100 135 453 537 685 734 
101 136 454 538 686 735 
102 137 455 539 687 736 
103 138 456 540 688 737 
104 139 457 541 689 738 
105 140 458 542 690 739 
106 141 459 543 691 740 
107 142 460 544 692 741 
108 143 461 545 693 742 
109 144 462 546 694 743 
110 145 463 547 695 744 
111 146 464 548 696 745 
56 147 465 549 697 746 
57 148 466 550 698 747 
58 149 467 551 699 748 
59 150 468 552 700 749 
60 151 469 553 701 750 
61 152 470 554 702 751 
62 153 471 555 703 752 
63 154 472 556 704 753 
64 155 473 557 705 754 
65 156 474 558 706 755 
66 157 475 559 707 756 
67 158 476 504 708 757 
68 159 477 505 709 758 
69 160 478 506 710 759 
70 161 479 507 711 760 
71 162 480 508 712 761 
72 163 481 509 713 762 
73 164 482 510 714 763 
74 165 483 511 715 764 
75 166 484 512 716 765 
76 167 485 513 717 766 
77 112 486 514 718 767 
78 113 487 515 719 768 
79 114 488 516 720 769 
80 115 489 517 721 770 
81 116 490 518 722 771 
82 117 491 519 723 772 
83 118 492 520 724 773 
84 119 493 521 725 774 
85 120 494 522 726 775 
86 121 495 523 727 776 
87 122 496 524 672 777 
88 123 497 525 673 778 
89 124 498 526 674 779 
90 125 499 527 675 780 
91 126 500 528 676 781 
92 127 501 529 677 782 
93 128 502 530 678 783 
5 159 457 529 840 896 
6 160 458 530 841 897 
7 161 459 531 842 898 
8 162 460 532 843 899 
9 163 461 533 844 900 
10 164 462 534 845 901 
11 165 463 535 846 902 
12 166 464 536 847 903 
13 167 465 537 848 904 
14 112 466 538 849 905 
15 113 467 539 850 906 
16 114 468 540 851 907 
17 115 469 541 852 908 
18 116 470 542 853 909 
19 117 471 543 854 910 
20 118 472 544 855 911 
21 119 473 545 856 912 
22 120 474 546 857 913 
23 121 475 547 858 914 
24 122 476 548 859 915 
25 123 477 549 860 916 
26 124 478 550 861 917 
27 125 479 551 862 918 
28 126 480 552 863 919 
29 127 481 553 864 920 
30 128 482 554 865 921 
31 129 483 555 866 922 
32 130 484 556 867 923 
33 131 485 557 868 924 
34 132 486 558 869 925 
35 133 487 559 870 926 
36 134 488 504 871 927 
37 135 489 505 872 928 
38 136 490 506 873 929 
39 137 491 507 874 930 
40 138 492 508 875 931 
41 139 493 509 876 932 
42 140 494 510 877 933 
43 141 495 511 878 934 
44 142 496 512 879 935 
45 143 497 513 880 936 
46 144 498 514 881 937 
47 145 499 515 882 938 
48 146 500 516 883 939 
49 147 501 517 884 940 
50 148 502 518 885 941 
51 149 503 519 886 942 
52 150 448 520 887 943 
53 151 449 521 888 944 
54 152 450 522 889 945 
55 153 451 523 890 946 
0 154 452 524 891 947 
1 155 453 525 892 948 
2 156 454 526 893 949 
3 157 455 527 894 950 
4 158 456 528 895 951 
151 364 545 576 896 952 
152 365 546 577 897 953 
153 366 547 578 898 954 
154 367 548 579 899 955 
155 368 549 580 900 956 
156 369 550 581 901 957 
157 370 551 582 902 958 
158 371 552 583 903 959 
159 372 553 584 904 960 
160 373 554 585 905 961 
161 374 555 586 906 962 
162 375 556 587 907 963 
163 376 557 588 908 964 
164 377 558 589 909 965 
165 378 559 590 910 966 
166 379 504 591 911 967 
167 380 505 592 912 968 
112 381 506 593 913 969 
113 382 507 594 914 970 
114 383 508 595 915 971 
115 384 509 596 916 972 
116 385 510 597 917 973 
117 386 511 598 918 974 
118 387 512 599 919 975 
119 388 513 600 920 976 
120 389 514 601 921 977 
121 390 515 602 922 978 
122 391 516 603 923 979 
123 336 517 604 924 980 
124 337 518 605 925 981 
125 338 519 606 926 982 
126 339 520 607 927 983 
127 340 521 608 928 984 
128 341 522 609 929 985 
129 342 523 610 930 986 
130 343 524 611 931 987 
131 344 525 612 932 988 
132 345 526 613 933 989 
133 346 527 614 934 990 
134 347 528 615 935 991 
135 348 529 560 936 992 
136 349 530 561 937 993 
137 350 531 562 938 994 
138 351 532 563 939 995 
139 352 533 564 940 996 
140 353 534 565 941 997 
141 354 535 566 942 998 
142 355 536 567 943 999 
143 356 537 568 944 1000 
144 357 538 569 945 1001 
145 358 539 570 946 1002 
146 359 540 571 947 1003 
147 360 541 572 948 1004 
148 361 542 573 949 1005 
149 362 543 574 950 1006 
150 363 544 575 951 1007 
151 221 518 578 1008 1064 
152 222 519 579 1009 1065 
153 223 520 580 1010 1066 
154 168 521 581 1011 1067 
155 169 522 582 1012 1068 
156 170 523 583 1013 1069 
157 171 524 584 1014 1070 
158 172 525 585 1015 1071 
159 173 526 586 1016 1072 
160 174 527 587 1017 1073 
161 175 528 588 1018 1074 
162 176 529 589 1019 1075 
163 177 530 590 1020 1076 
164 178 531 591 1021 1077 
165 179 532 592 1022 1078 
166 180 533 593 1023 1079 
167 181 534 594 1024 1080 
112 182 535 595 1025 1081 
113 183 536 596 1026 1082 
114 184 537 597 1027 1083 
115 185 538 598 1028 1084 
116 186 539 599 1029 1085 
117 187 540 600 1030 1086 
118 188 541 601 1031 1087 
119 189 542 602 1032 1088 
120 190 543 603 1033 1089 
121 191 544 604 1034 1090 
122 192 545 605 1035 1091 
123 193 546 606 1036 1092 
124 194 547 607 1037 1093 
125 195 548 608 1038 1094 
126 196 549 609 1039 1095 
127 197 550 610 1040 1096 
128 198 551 611 1041 1097 
129 199 552 612 1042 1098 
130 200 553 613 1043 1099 
131 201 554 614 1044 1100 
132 202 555 615 1045 1101 
133 203 556 560 1046 1102 
134 204 557 561 1047 1103 
135 205 558 562 1048 1104 
136 206 559 563 1049 1105 
137 207 504 564 1050 1106 
138 208 505 565 1051 1107 
139 209 506 566 1052 1108 
140 210 507 567 1053 1109 
141 211 508 568 1054 1110 
142 212 509 569 1055 1111 
143 213 510 570 1056 1112 
144 214 511 571 1057 1113 
145 215 512 572 1058 1114 
146 216 513 573 1059 1115 
147 217 514 574 1060 1116 
148 218 515 575 1061 1117 
149 219 516 576 1062 1118 
150 220 517 577 1063 1119 
67 129 338 551 1064 1120 
68 130 339 552 1065 1121 
69 131 340 553 1066 1122 
70 132 341 554 1067 1123 
71 133 342 555 1068 1124 
72 134 343 556 1069 1125 
73 135 344 557 1070 1126 
74 136 345 558 1071 1127 
75 137 346 559 1072 1128 
76 138 347 504 1073 1129 
77 139 348 505 1074 1130 
78 140 349 506 1075 1131 
79 141 350 507 1076 1132 
80 142 351 508 1077 1133 
81 143 352 509 1078 1134 
82 144 353 510 1079 1135 
83 145 354 511 1080 1136 
84 146 355 512 1081 1137 
85 147 356 513 1082 1138 
86 148 357 514 1083 1139 
87 149 358 515 1084 1140 
88 150 359 516 1085 1141 
89 151 360 517 1086 1142 
90 152 361 518 1087 1143 
91 153 362 519 1088 1144 
92 154 363 520 1089 1145 
93 155 364 521 1090 1146 
94 156 365 522 1091 1147 
95 157 366 523 1092 1148 
96 158 367 524 1093 1149 
97 159 368 525 1094 1150 
98 160 369 526 1095 1151 
99 161 370 527 1096 1152 
100 162 371 528 1097 1153 
101 163 372 529 1098 1154 
102 164 373 530 1099 1155 
103 165 374 531 1100 1156 
104 166 375 532 1101 1157 
105 167 376 533 1102 1158 
106 112 377 534 1103 1159 
107 113 378 535 1104 1160 
108 114 379 536 1105 1161 
109 115 380 537 1106 1162 
110 116 381 538 1107 1163 
111 117 382 539 1108 1164 
56 118 383 540 1109 1165 
57 119 384 541 1110 1166 
58 120 385 542 1111 1167 
59 121 386 543 1112 1168 
60 122 387 544 1113 1169 
61 123 388 545 1114 1170 
62 124 389 546 1115 1171 
63 125 390 547 1116 1172 
64 126 391 548 1117 1173 
65 127 336 549 1118 1174 
66 128 337 550 1119 1175 
318 395 574 632 1176 1232 
319 396 575 633 1177 1233 
320 397 576 634 1178 1234 
321 398 577 635 1179 1235 
322 399 578 636 1180 1236 
323 400 579 637 1181 1237 
324 401 580 638 1182 1238 
325 402 581 639 1183 1239 
326 403 582 640 1184 1240 
327 404 583 641 1185 1241 
328 405 584 642 1186 1242 
329 406 585 643 1187 1243 
330 407 586 644 1188 1244 
331 408 587 645 1189 1245 
332 409 588 646 1190 1246 
333 410 589 647 1191 1247 
334 411 590 648 1192 1248 
335 412 591 649 1193 1249 
280 413 592 650 1194 1250 
281 414 593 651 1195 1251 
282 415 594 652 1196 1252 
283 416 595 653 1197 1253 
284 417 596 654 1198 1254 
285 418 597 655 1199 1255 
286 419 598 656 1200 1256 
287 420 599 657 1201 1257 
288 421 600 658 1202 1258 
289 422 601 659 1203 1259 
290 423 602 660 1204 1260 
291 424 603 661 1205 1261 
292 425 604 662 1206 1262 
293 426 605 663 1207 1263 
294 427 606 664 1208 1264 
295 428 607 665 1209 1265 
296 429 608 666 1210 1266 
297 430 609 667 1211 1267 
298 431 610 668 1212 1268 
299 432 611 669 1213 1269 
300 433 612 670 1214 1270 
301 434 613 671 1215 1271 
302 435 614 616 1216 1272 
303 436 615 617 1217 1273 
304 437 560 618 1218 1274 
305 438 561 619 1219 1275 
306 439 562 620 1220 1276 
307 440 563 621 1221 1277 
308 441 564 622 1222 1278 
309 442 565 623 1223 1279 
310 443 566 624 1224 1280 
311 444 567 625 1225 1281 
312 445 568 626 1226 1282 
313 446 569 627 1227 1283 
314 447 570 628 1228 1284 
315 392 571 629 1229 1285 
316 393 572 630 1230 1286 
317 394 573 631 1231 1287 
119 177 487 553 1232 1288 
120 178 488 554 1233 1289 
121 179 489 555 1234 1290 
122 180 490 556 1235 1291 
123 181 491 557 1236 1292 
124 182 492 558 1237 1293 
125 183 493 559 1238 1294 
126 184 494 504 1239 1295 
127 185 495 505 1240 1296 
128 186 496 506 1241 1297 
129 187 497 507 1242 1298 
130 188 498 508 1243 1299 
131 189 499 509 1244 1300 
132 190 500 510 1245 1301 
133 191 501 511 1246 1302 
134 192 502 512 1247 1303 
135 193 503 513 1248 1304 
136 194 448 514 1249 1305 
137 195 449 515 1250 1306 
138 196 450 516 1251 1307 
139 197 451 517 1252 1308 
140 198 452 518 1253 1309 
141 199 453 519 1254 1310 
142 200 454 520 1255 1311 
143 201 455 521 1256 1312 
144 202 456 522 1257 1313 
145 203 457 523 1258 1314 
146 204 458 524 1259 1315 
147 205 459 525 1260 1316 
148 206 460 526 1261 1317 
149 207 461 527 1262 1318 
150 208 462 528 1263 1319 
151 209 463 529 1264 1320 
152 210 464 530 1265 1321 
153 211 465 531 1266 1322 
154 212 466 532 1267 1323 
155 213 467 533 1268 1324 
156 214 468 534 1269 1325 
157 215 469 535 1270 1326 
158 216 470 536 1271 1327 
159 217 471 537 1272 1328 
160 218 472 538 1273 1329 
161 219 473 539 1274 1330 
162 220 474 540 1275 1331 
163 221 475 541 1276 1332 
164 222 476 542 1277 1333 
165 223 477 543 1278 1334 
166 168 478 544 1279 1335 
167 169 479 545 1280 1336 
112 170 480 546 1281 1337 
113 171 481 547 1282 1338 
114 172 482 548 1283 1339 
115 173 483 549 1284 1340 
116 174 484 550 1285 1341 
117 175 485 551 1286 1342 
118 176 486 552 1287 1343 
43 290 433 642 679 1288 
44 291 434 643 680 1289 
45 292 435 644 681 1290 
46 293 436 645 682 1291 
47 294 437 646 683 1292 
48 295 438 647 684 1293 
49 296 439 648 685 1294 
50 297 440 649 686 1295 
51 298 441 650 687 1296 
52 299 442 651 688 1297 
53 300 443 652 689 1298 
54 301 444 653 690 1299 
55 302 445 654 691 1300 
0 303 446 655 692 1301 
1 304 447 656 693 1302 
2 305 392 657 694 1303 
3 306 393 658 695 1304 
4 307 394 659 696 1305 
5 308 395 660 697 1306 
6 309 396 661 698 1307 
7 310 397 662 699 1308 
8 311 398 663 700 1309 
9 312 399 664 701 1310 
10 313 400 665 702 1311 
11 314 401 666 703 1312 
12 315 402 667 704 1313 
13 316 403 668 705 1314 
14 317 404 669 706 1315 
15 318 405 670 707 1316 
16 319 406 671 708 1317 
17 320 407 616 709 1318 
18 321 408 617 710 1319 
19 322 409 618 711 1320 
20 323 410 619 712 1321 
21 324 411 620 713 1322 
22 325 412 621 714 1323 
23 326 413 622 715 1324 
24 327 414 623 716 1325 
25 328 415 624 717 1326 
26 329 416 625 718 1327 
27 330 417 626 719 1328 
28 331 418 627 720 1329 
29 332 419 628 721 1330 
30 333 420 629 722 1331 
31 334 421 630 723 1332 
32 335 422 631 724 1333 
33 280 423 632 725 1334 
34 281 424 633 726 1335 
35 282 425 634 727 1336 
36 283 426 635 672 1337 
37 284 427 636 673 1338 
38 285 428 637 674 1339 
39 286 429 638 675 1340 
40 287 430 639 676 1341 
41 288 431 640 677 1342 
42 289 432 641 678 1343 
83 302 359 401 628 728 784 
84 303 360 402 629 729 785 
85 304 361 403 630 730 786 
86 305 362 404 631 731 787 
87 306 363 405 632 732 788 
88 307 364 406 633 733 789 
89 308 365 407 634 734 790 
90 309 366 408 635 735 791 
91 310 367 409 636 736 792 
92 311 368 410 637 737 793 
93 312 369 411 638 738 794 
94 313 370 412 639 739 795 
95 314 371 413 640 740 796 
96 315 372 414 641 741 797 
97 316 373 415 642 742 798 
98 317 374 416 643 743 799 
99 318 375 417 644 744 800 
100 319 376 418 645 745 801 
101 320 377 419 646 746 802 
102 321 378 420 647 747 803 
103 322 379 421 648 748 804 
104 323 380 422 649 749 805 
105 324 381 423 650 750 806 
106 325 382 424 651 751 807 
107 326 383 425 652 752 808 
108 327 384 426 653 753 809 
109 328 385 427 654 754 810 
110 329 386 428 655 755 811 
111 330 387 429 656 756 812 
56 331 388 430 657 757 813 
57 332 389 431 658 758 814 
58 333 390 432 659 759 815 
59 334 391 433 660 760 816 
60 335 336 434 661 761 817 
61 280 337 435 662 762 818 
62 281 338 436 663 763 819 
63 282 339 437 664 764 820 
64 283 340 438 665 765 821 
65 284 341 439 666 766 822 
66 285 342 440 667 767 823 
67 286 343 441 668 768 824 
68 287 344 442 669 769 825 
69 288 345 443 670 770 826 
70 289 346 444 671 771 827 
71 290 347 445 616 772 828 
72 291 348 446 617 773 829 
73 292 349 447 618 774 830 
74 293 350 392 619 775 831 
75 294 351 393 620 776 832 
76 295 352 394 621 777 833 
77 296 353 395 622 778 834 
78 297 354 396 623 779 835 
79 298 355 397 624 780 836 
80 299 356 398 625 781 837 
81 300 357 399 626 782 838 
82 301 358 400 627 783 839 
192 246 305 425 616 784 840 
193 247 306 426 617 785 841 
194 248 307 427 618 786 842 
195 249 308 428 619 787 843 
196 250 309 429 620 788 844 
197 251 310 430 621 789 845 
198 252 311 431 622 790 846 
199 253 312 432 623 791 847 
200 254 313 433 624 792 848 
201 255 314 434 625 793 849 
202 256 315 435 626 794 850 
203 257 316 436 627 795 851 
204 258 317 437 628 796 852 
205 259 318 438 629 797 853 
206 260 319 439 630 798 854 
207 261 320 440 631 799 855 
208 262 321 441 632 800 856 
209 263 322 442 633 801 857 
210 264 323 443 634 802 858 
211 265 324 444 635 803 859 
212 266 325 445 636 804 860 
213 267 326 446 637 805 861 
214 268 327 447 638 806 862 
215 269 328 392 639 807 863 
216 270 329 393 640 808 864 
217 271 330 394 641 809 865 
218 272 331 395 642 810 866 
219 273 332 396 643 811 867 
220 274 333 397 644 812 868 
221 275 334 398 645 813 869 
222 276 335 399 646 814 870 
223 277 280 400 647 815 871 
168 278 281 401 648 816 872 
169 279 282 402 649 817 873 
170 224 283 403 650 818 874 
171 225 284 404 651 819 875 
172 226 285 405 652 820 876 
173 227 286 406 653 821 877 
174 228 287 407 654 822 878 
175 229 288 408 655 823 879 
176 230 289 409 656 824 880 
177 231 290 410 657 825 881 
178 232 291 411 658 826 882 
179 233 292 412 659 827 883 
180 234 293 413 660 828 884 
181 235 294 414 661 829 885 
182 236 295 415 662 830 886 
183 237 296 416 663 831 887 
184 238 297 417 664 832 888 
185 239 298 418 665 833 889 
186 240 299 419 666 834 890 
187 241 300 420 667 835 891 
188 242 301 421 668 836 892 
189 243 302 422 669 837 893 
190 244 303 423 670 838 894 
191 245 304 424 671 839 895 
270 320 418 639 672 952 1008 
271 321 419 640 673 953 1009 
272 322 420 641 674 954 1010 
273 323 421 642 675 955 1011 
274 324 422 643 676 956 1012 
275 325 423 644 677 957 1013 
276 326 424 645 678 958 1014 
277 327 425 646 679 959 1015 
278 328 426 647 680 960 1016 
279 329 427 648 681 961 1017 
224 330 428 649 682 962 1018 
225 331 429 650 683 963 1019 
226 332 430 651 684 964 1020 
227 333 431 652 685 965 1021 
228 334 432 653 686 966 1022 
229 335 433 654 687 967 1023 
230 280 434 655 688 968 1024 
231 281 435 656 689 969 1025 
232 282 436 657 690 970 1026 
233 283 437 658 691 971 1027 
234 284 438 659 692 972 1028 
235 285 439 660 693 973 1029 
236 286 440 661 694 974 1030 
237 287 441 662 695 975 1031 
238 288 442 663 696 976 1032 
239 289 443 664 697 977 1033 
240 290 444 665 698 978 1034 
241 291 445 666 699 979 1035 
242 292 446 667 700 980 1036 
243 293 447 668 701 981 1037 
244 294 392 669 702 982 1038 
245 295 393 670 703 983 1039 
246 296 394 671 704 984 1040 
247 297 395 616 705 985 1041 
248 298 396 617 706 986 1042 
249 299 397 618 707 987 1043 
250 300 398 619 708 988 1044 
251 301 399 620 709 989 1045 
252 302 400 621 710 990 1046 
253 303 401 622 711 991 1047 
254 304 402 623 712 992 1048 
255 305 403 624 713 993 1049 
256 306 404 625 714 994 1050 
257 307 405 626 715 995 1051 
258 308 406 627 716 996 1052 
259 309 407 628 717 997 1053 
260 310 408 629 718 998 1054 
261 311 409 630 719 999 1055 
262 312 410 631 720 1000 1056 
263 313 411 632 721 1001 1057 
264 314 412 633 722 1002 1058 
265 315 413 634 723 1003 1059 
266 316 414 635 724 1004 1060 
267 317 415 636 725 1005 1061 
268 318 416 637 726 1006 1062 
269 319 417 638 727 1007 1063 
12 251 304 435 667 1120 1176 
13 252 305 436 668 1121 1177 
14 253 306 437 669 1122 1178 
15 254 307 438 670 1123 1179 
16 255 308 439 671 1124 1180 
17 256 309 440 616 1125 1181 
18 257 310 441 617 1126 1182 
19 258 311 442 618 1127 1183 
20 259 312 443 619 1128 1184 
21 260 313 444 620 1129 1185 
22 261 314 445 621 1130 1186 
23 262 315 446 622 1131 1187 
24 263 316 447 623 1132 1188 
25 264 317 392 624 1133 1189 
26 265 318 393 625 1134 1190 
27 266 319 394 626 1135 1191 
28 267 320 395 627 1136 1192 
29 268 321 396 628 1137 1193 
30 269 322 397 629 1138 1194 
31 270 323 398 630 1139 1195 
32 271 324 399 631 1140 1196 
33 272 325 400 632 1141 1197 
34 273 326 401 633 1142 1198 
35 274 327 402 634 1143 1199 
36 275 328 403 635 1144 1200 
37 276 329 404 636 1145 1201 
38 277 330 405 637 1146 1202 
39 278 331 406 638 1147 1203 
40 279 332 407 639 1148 1204 
41 224 333 408 640 1149 1205 
42 225 334 409 641 1150 1206 
43 226 335 410 642 1151 1207 
44 227 280 411 643 1152 1208 
45 228 281 412 644 1153 1209 
46 229 282 413 645 1154 1210 
47 230 283 414 646 1155 1211 
48 231 284 415 647 1156 1212 
49 232 285 416 648 1157 1213 
50 233 286 417 649 1158 1214 
51 234 287 418 650 1159 1215 
52 235 288 419 651 1160 1216 
53 236 289 420 652 1161 1217 
54 237 290 421 653 1162 1218 
55 238 291 422 654 1163 1219 
0 239 292 423 655 1164 1220 
1 240 293 424 656 1165 1221 
2 241 294 425 657 1166 1222 
3 242 295 426 658 1167 1223 
4 243 296 427 659 1168 1224 
5 244 297 428 660 1169 1225 
6 245 298 429 661 1170 1226 
7 246 299 430 662 1171 1227 
8 247 300 431 663 1172 1228 
9 248 301 432 664 1173 1229 
10 249 302 433 665 1174 1230 
11 250 303 434 666 1175 1231 

