1 81 167 271 284 427 476 512 590 668 698 761 789 840 932 972 1012 1085 1144 1176 
2 82 112 272 285 428 477 513 591 669 699 762 790 841 933 973 1013 1086 1145 1177 
3 83 113 273 286 429 478 514 592 670 700 763 791 842 934 974 1014 1087 1146 1178 
4 84 114 274 287 430 479 515 593 671 701 764 792 843 935 975 1015 1088 1147 1179 
5 85 115 275 288 431 480 516 594 616 702 765 793 844 936 976 1016 1089 1148 1180 
6 86 116 276 289 432 481 517 595 617 703 766 794 845 937 977 1017 1090 1149 1181 
7 87 117 277 290 433 482 518 596 618 704 767 795 846 938 978 1018 1091 1150 1182 
8 88 118 278 291 434 483 519 597 619 705 768 796 847 939 979 1019 1092 1151 1183 
9 89 119 279 292 435 484 520 598 620 706 769 797 848 940 980 1020 1093 1152 1184 
10 90 120 224 293 436 485 521 599 621 707 770 798 849 941 981 1021 1094 1153 1185 
11 91 121 225 294 437 486 522 600 622 708 771 799 850 942 982 1022 1095 1154 1186 
12 92 122 226 295 438 487 523 601 623 709 772 800 851 943 983 1023 1096 1155 1187 
13 93 123 227 296 439 488 524 602 624 710 773 801 852 944 984 1024 1097 1156 1188 
14 94 124 228 297 440 489 525 603 625 711 774 802 853 945 985 1025 1098 1157 1189 
15 95 125 229 298 441 490 526 604 626 712 775 803 854 946 986 1026 1099 1158 1190 
16 96 126 230 299 442 491 527 605 627 713 776 804 855 947 987 1027 1100 1159 1191 
17 97 127 231 300 443 492 528 606 628 714 777 805 856 948 988 1028 1101 1160 1192 
18 98 128 232 301 444 493 529 607 629 715 778 806 857 949 989 1029 1102 1161 1193 
19 99 129 233 302 445 494 530 608 630 716 779 807 858 950 990 1030 1103 1162 1194 
20 100 130 234 303 446 495 531 609 631 717 780 808 859 951 991 1031 1104 1163 1195 
21 101 131 235 304 447 496 532 610 632 718 781 809 860 896 992 1032 1105 1164 1196 
22 102 132 236 305 392 497 533 611 633 719 782 810 861 897 993 1033 1106 1165 1197 
23 103 133 237 306 393 498 534 612 634 720 783 811 862 898 994 1034 1107 1166 1198 
24 104 134 238 307 394 499 535 613 635 721 728 812 863 899 995 1035 1108 1167 1199 
25 105 135 239 308 395 500 536 614 636 722 729 813 864 900 996 1036 1109 1168 1200 
26 106 136 240 309 396 501 537 615 637 723 730 814 865 901 997 1037 1110 1169 1201 
27 107 137 241 310 397 502 538 560 638 724 731 815 866 902 998 1038 1111 1170 1202 
28 108 138 242 311 398 503 539 561 639 725 732 816 867 903 999 1039 1112 1171 1203 
29 109 139 243 312 399 448 540 562 640 726 733 817 868 904 1000 1040 1113 1172 1204 
30 110 140 244 313 400 449 541 563 641 727 734 818 869 905 1001 1041 1114 1173 1205 
31 111 141 245 314 401 450 542 564 642 672 735 819 870 906 1002 1042 1115 1174 1206 
32 56 142 246 315 402 451 543 565 643 673 736 820 871 907 1003 1043 1116 1175 1207 
33 57 143 247 316 403 452 544 566 644 674 737 821 872 908 1004 1044 1117 1120 1208 
34 58 144 248 317 404 453 545 567 645 675 738 822 873 909 1005 1045 1118 1121 1209 
35 59 145 249 318 405 454 546 568 646 676 739 823 874 910 1006 1046 1119 1122 1210 
36 60 146 250 319 406 455 547 569 647 677 740 824 875 911 1007 1047 1064 1123 1211 
37 61 147 251 320 407 456 548 570 648 678 741 825 876 912 952 1048 1065 1124 1212 
38 62 148 252 321 408 457 549 571 649 679 742 826 877 913 953 1049 1066 1125 1213 
39 63 149 253 322 409 458 550 572 650 680 743 827 878 914 954 1050 1067 1126 1214 
40 64 150 254 323 410 459 551 573 651 681 744 828 879 915 955 1051 1068 1127 1215 
41 65 151 255 324 411 460 552 574 652 682 745 829 880 916 956 1052 1069 1128 1216 
42 66 152 256 325 412 461 553 575 653 683 746 830 881 917 957 1053 1070 1129 1217 
43 67 153 257 326 413 462 554 576 654 684 747 831 882 918 958 1054 1071 1130 1218 
44 68 154 258 327 414 463 555 577 655 685 748 832 883 919 959 1055 1072 1131 1219 
45 69 155 259 328 415 464 556 578 656 686 749 833 884 920 960 1056 1073 1132 1220 
46 70 156 260 329 416 465 557 579 657 687 750 834 885 921 961 1057 1074 1133 1221 
47 71 157 261 330 417 466 558 580 658 688 751 835 886 922 962 1058 1075 1134 1222 
48 72 158 262 331 418 467 559 581 659 689 752 836 887 923 963 1059 1076 1135 1223 
49 73 159 263 332 419 468 504 582 660 690 753 837 888 924 964 1060 1077 1136 1224 
50 74 160 264 333 420 469 505 583 661 691 754 838 889 925 965 1061 1078 1137 1225 
51 75 161 265 334 421 470 506 584 662 692 755 839 890 926 966 1062 1079 1138 1226 
52 76 162 266 335 422 471 507 585 663 693 756 784 891 927 967 1063 1080 1139 1227 
53 77 163 267 280 423 472 508 586 664 694 757 785 892 928 968 1008 1081 1140 1228 
54 78 164 268 281 424 473 509 587 665 695 758 786 893 929 969 1009 1082 1141 1229 
55 79 165 269 282 425 474 510 588 666 696 759 787 894 930 970 1010 1083 1142 1230 
0 80 166 270 283 426 475 511 589 667 697 760 788 895 931 971 1011 1084 1143 1231 
62 204 264 327 348 415 495 601 637 684 743 798 856 896 996 1057 1064 1120 1176 1232 
63 205 265 328 349 416 496 602 638 685 744 799 857 897 997 1058 1065 1121 1177 1233 
64 206 266 329 350 417 497 603 639 686 745 800 858 898 998 1059 1066 1122 1178 1234 
65 207 267 330 351 418 498 604 640 687 746 801 859 899 999 1060 1067 1123 1179 1235 
66 208 268 331 352 419 499 605 641 688 747 802 860 900 1000 1061 1068 1124 1180 1236 
67 209 269 332 353 420 500 606 642 689 748 803 861 901 1001 1062 1069 1125 1181 1237 
68 210 270 333 354 421 501 607 643 690 749 804 862 902 1002 1063 1070 1126 1182 1238 
69 211 271 334 355 422 502 608 644 691 750 805 863 903 1003 1008 1071 1127 1183 1239 
70 212 272 335 356 423 503 609 645 692 751 806 864 904 1004 1009 1072 1128 1184 1240 
71 213 273 280 357 424 448 610 646 693 752 807 865 905 1005 1010 1073 1129 1185 1241 
72 214 274 281 358 425 449 611 647 694 753 808 866 906 1006 1011 1074 1130 1186 1242 
73 215 275 282 359 426 450 612 648 695 754 809 867 907 1007 1012 1075 1131 1187 1243 
74 216 276 283 360 427 451 613 649 696 755 810 868 908 952 1013 1076 1132 1188 1244 
75 217 277 284 361 428 452 614 650 697 756 811 869 909 953 1014 1077 1133 1189 1245 
76 218 278 285 362 429 453 615 651 698 757 812 870 910 954 1015 1078 1134 1190 1246 
77 219 279 286 363 430 454 560 652 699 758 813 871 911 955 1016 1079 1135 1191 1247 
78 220 224 287 364 431 455 561 653 700 759 814 872 912 956 1017 1080 1136 1192 1248 
79 221 225 288 365 432 456 562 654 701 760 815 873 913 957 1018 1081 1137 1193 1249 
80 222 226 289 366 433 457 563 655 702 761 816 874 914 958 1019 1082 1138 1194 1250 
81 223 227 290 367 434 458 564 656 703 762 817 875 915 959 1020 1083 1139 1195 1251 
82 168 228 291 368 435 459 565 657 704 763 818 876 916 960 1021 1084 1140 1196 1252 
83 169 229 292 369 436 460 566 658 705 764 819 877 917 961 1022 1085 1141 1197 1253 
84 170 230 293 370 437 461 567 659 706 765 820 878 918 962 1023 1086 1142 1198 1254 
85 171 231 294 371 438 462 568 660 707 766 821 879 919 963 1024 1087 1143 1199 1255 
86 172 232 295 372 439 463 569 661 708 767 822 880 920 964 1025 1088 1144 1200 1256 
87 173 233 296 373 440 464 570 662 709 768 823 881 921 965 1026 1089 1145 1201 1257 
88 174 234 297 374 441 465 571 663 710 769 824 882 922 966 1027 1090 1146 1202 1258 
89 175 235 298 375 442 466 572 664 711 770 825 883 923 967 1028 1091 1147 1203 1259 
90 176 236 299 376 443 467 573 665 712 771 826 884 924 968 1029 1092 1148 1204 1260 
91 177 237 300 377 444 468 574 666 713 772 827 885 925 969 1030 1093 1149 1205 1261 
92 178 238 301 378 445 469 575 667 714 773 828 886 926 970 1031 1094 1150 1206 1262 
93 179 239 302 379 446 470 576 668 715 774 829 887 927 971 1032 1095 1151 1207 1263 
94 180 240 303 380 447 471 577 669 716 775 830 888 928 972 1033 1096 1152 1208 1264 
95 181 241 304 381 392 472 578 670 717 776 831 889 929 973 1034 1097 1153 1209 1265 
96 182 242 305 382 393 473 579 671 718 777 832 890 930 974 1035 1098 1154 1210 1266 
97 183 243 306 383 394 474 580 616 719 778 833 891 931 975 1036 1099 1155 1211 1267 
98 184 244 307 384 395 475 581 617 720 779 834 892 932 976 1037 1100 1156 1212 1268 
99 185 245 308 385 396 476 582 618 721 780 835 893 933 977 1038 1101 1157 1213 1269 
100 186 246 309 386 397 477 583 619 722 781 836 894 934 978 1039 1102 1158 1214 1270 
101 187 247 310 387 398 478 584 620 723 782 837 895 935 979 1040 1103 1159 1215 1271 
102 188 248 311 388 399 479 585 621 724 783 838 840 936 980 1041 1104 1160 1216 1272 
103 189 249 312 389 400 480 586 622 725 728 839 841 937 981 1042 1105 1161 1217 1273 
104 190 250 313 390 401 481 587 623 726 729 784 842 938 982 1043 1106 1162 1218 1274 
105 191 251 314 391 402 482 588 624 727 730 785 843 939 983 1044 1107 1163 1219 1275 
106 192 252 315 336 403 483 589 625 672 731 786 844 940 984 1045 1108 1164 1220 1276 
107 193 253 316 337 404 484 590 626 673 732 787 845 941 985 1046 1109 1165 1221 1277 
108 194 254 317 338 405 485 591 627 674 733 788 846 942 986 1047 1110 1166 1222 1278 
109 195 255 318 339 406 486 592 628 675 734 789 847 943 987 1048 1111 1167 1223 1279 
110 196 256 319 340 407 487 593 629 676 735 790 848 944 988 1049 1112 1168 1224 1280 
111 197 257 320 341 408 488 594 630 677 736 791 849 945 989 1050 1113 1169 1225 1281 
56 198 258 321 342 409 489 595 631 678 737 792 850 946 990 1051 1114 1170 1226 1282 
57 199 259 322 343 410 490 596 632 679 738 793 851 947 991 1052 1115 1171 1227 1283 
58 200 260 323 344 411 491 597 633 680 739 794 852 948 992 1053 1116 1172 1228 1284 
59 201 261 324 345 412 492 598 634 681 740 795 853 949 993 1054 1117 1173 1229 1285 
60 202 262 325 346 413 493 599 635 682 741 796 854 950 994 1055 1118 1174 1230 1286 
61 203 263 326 347 414 494 600 636 683 742 797 855 951 995 1056 1119 1175 1231 1287 
51 81 139 172 235 357 479 528 595 621 697 737 814 862 900 984 1019 1079 1232 1288 
52 82 140 173 236 358 480 529 596 622 698 738 815 863 901 985 1020 1080 1233 1289 
53 83 141 174 237 359 481 530 597 623 699 739 816 864 902 986 1021 1081 1234 1290 
54 84 142 175 238 360 482 531 598 624 700 740 817 865 903 987 1022 1082 1235 1291 
55 85 143 176 239 361 483 532 599 625 701 741 818 866 904 988 1023 1083 1236 1292 
0 86 144 177 240 362 484 533 600 626 702 742 819 867 905 989 1024 1084 1237 1293 
1 87 145 178 241 363 485 534 601 627 703 743 820 868 906 990 1025 1085 1238 1294 
2 88 146 179 242 364 486 535 602 628 704 744 821 869 907 991 1026 1086 1239 1295 
3 89 147 180 243 365 487 536 603 629 705 745 822 870 908 992 1027 1087 1240 1296 
4 90 148 181 244 366 488 537 604 630 706 746 823 871 909 993 1028 1088 1241 1297 
5 91 149 182 245 367 489 538 605 631 707 747 824 872 910 994 1029 1089 1242 1298 
6 92 150 183 246 368 490 539 606 632 708 748 825 873 911 995 1030 1090 1243 1299 
7 93 151 184 247 369 491 540 607 633 709 749 826 874 912 996 1031 1091 1244 1300 
8 94 152 185 248 370 492 541 608 634 710 750 827 875 913 997 1032 1092 1245 1301 
9 95 153 186 249 371 493 542 609 635 711 751 828 876 914 998 1033 1093 1246 1302 
10 96 154 187 250 372 494 543 610 636 712 752 829 877 915 999 1034 1094 1247 1303 
11 97 155 188 251 373 495 544 611 637 713 753 830 878 916 1000 1035 1095 1248 1304 
12 98 156 189 252 374 496 545 612 638 714 754 831 879 917 1001 1036 1096 1249 1305 
13 99 157 190 253 375 497 546 613 639 715 755 832 880 918 1002 1037 1097 1250 1306 
14 100 158 191 254 376 498 547 614 640 716 756 833 881 919 1003 1038 1098 1251 1307 
15 101 159 192 255 377 499 548 615 641 717 757 834 882 920 1004 1039 1099 1252 1308 
16 102 160 193 256 378 500 549 560 642 718 758 835 883 921 1005 1040 1100 1253 1309 
17 103 161 194 257 379 501 550 561 643 719 759 836 884 922 1006 1041 1101 1254 1310 
18 104 162 195 258 380 502 551 562 644 720 760 837 885 923 1007 1042 1102 1255 1311 
19 105 163 196 259 381 503 552 563 645 721 761 838 886 924 952 1043 1103 1256 1312 
20 106 164 197 260 382 448 553 564 646 722 762 839 887 925 953 1044 1104 1257 1313 
21 107 165 198 261 383 449 554 565 647 723 763 784 888 926 954 1045 1105 1258 1314 
22 108 166 199 262 384 450 555 566 648 724 764 785 889 927 955 1046 1106 1259 1315 
23 109 167 200 263 385 451 556 567 649 725 765 786 890 928 956 1047 1107 1260 1316 
24 110 112 201 264 386 452 557 568 650 726 766 787 891 929 957 1048 1108 1261 1317 
25 111 113 202 265 387 453 558 569 651 727 767 788 892 930 958 1049 1109 1262 1318 
26 56 114 203 266 388 454 559 570 652 672 768 789 893 931 959 1050 1110 1263 1319 
27 57 115 204 267 389 455 504 571 653 673 769 790 894 932 960 1051 1111 1264 1320 
28 58 116 205 268 390 456 505 572 654 674 770 791 895 933 961 1052 1112 1265 1321 
29 59 117 206 269 391 457 506 573 655 675 771 792 840 934 962 1053 1113 1266 1322 
30 60 118 207 270 336 458 507 574 656 676 772 793 841 935 963 1054 1114 1267 1323 
31 61 119 208 271 337 459 508 575 657 677 773 794 842 936 964 1055 1115 1268 1324 
32 62 120 209 272 338 460 509 576 658 678 774 795 843 937 965 1056 1116 1269 1325 
33 63 121 210 273 339 461 510 577 659 679 775 796 844 938 966 1057 1117 1270 1326 
34 64 122 211 274 340 462 511 578 660 680 776 797 845 939 967 1058 1118 1271 1327 
35 65 123 212 275 341 463 512 579 661 681 777 798 846 940 968 1059 1119 1272 1328 
36 66 124 213 276 342 464 513 580 662 682 778 799 847 941 969 1060 1064 1273 1329 
37 67 125 214 277 343 465 514 581 663 683 779 800 848 942 970 1061 1065 1274 1330 
38 68 126 215 278 344 466 515 582 664 684 780 801 849 943 971 1062 1066 1275 1331 
39 69 127 216 279 345 467 516 583 665 685 781 802 850 944 972 1063 1067 1276 1332 
40 70 128 217 224 346 468 517 584 666 686 782 803 851 945 973 1008 1068 1277 1333 
41 71 129 218 225 347 469 518 585 667 687 783 804 852 946 974 1009 1069 1278 1334 
42 72 130 219 226 348 470 519 586 668 688 728 805 853 947 975 1010 1070 1279 1335 
43 73 131 220 227 349 471 520 587 669 689 729 806 854 948 976 1011 1071 1280 1336 
44 74 132 221 228 350 472 521 588 670 690 730 807 855 949 977 1012 1072 1281 1337 
45 75 133 222 229 351 473 522 589 671 691 731 808 856 950 978 1013 1073 1282 1338 
46 76 134 223 230 352 474 523 590 616 692 732 809 857 951 979 1014 1074 1283 1339 
47 77 135 168 231 353 475 524 591 617 693 733 810 858 896 980 1015 1075 1284 1340 
48 78 136 169 232 354 476 525 592 618 694 734 811 859 897 981 1016 1076 1285 1341 
49 79 137 170 233 355 477 526 593 619 695 735 812 860 898 982 1017 1077 1286 1342 
50 80 138 171 234 356 478 527 594 620 696 736 813 861 899 983 1018 1078 1287 1343 
50 162 183 316 349 402 459 524 613 650 701 764 785 870 924 988 1019 1074 1144 1288 
51 163 184 317 350 403 460 525 614 651 702 765 786 871 925 989 1020 1075 1145 1289 
52 164 185 318 351 404 461 526 615 652 703 766 787 872 926 990 1021 1076 1146 1290 
53 165 186 319 352 405 462 527 560 653 704 767 788 873 927 991 1022 1077 1147 1291 
54 166 187 320 353 406 463 528 561 654 705 768 789 874 928 992 1023 1078 1148 1292 
55 167 188 321 354 407 464 529 562 655 706 769 790 875 929 993 1024 1079 1149 1293 
0 112 189 322 355 408 465 530 563 656 707 770 791 876 930 994 1025 1080 1150 1294 
1 113 190 323 356 409 466 531 564 657 708 771 792 877 931 995 1026 1081 1151 1295 
2 114 191 324 357 410 467 532 565 658 709 772 793 878 932 996 1027 1082 1152 1296 
3 115 192 325 358 411 468 533 566 659 710 773 794 879 933 997 1028 1083 1153 1297 
4 116 193 326 359 412 469 534 567 660 711 774 795 880 934 998 1029 1084 1154 1298 
5 117 194 327 360 413 470 535 568 661 712 775 796 881 935 999 1030 1085 1155 1299 
6 118 195 328 361 414 471 536 569 662 713 776 797 882 936 1000 1031 1086 1156 1300 
7 119 196 329 362 415 472 537 570 663 714 777 798 883 937 1001 1032 1087 1157 1301 
8 120 197 330 363 416 473 538 571 664 715 778 799 884 938 1002 1033 1088 1158 1302 
9 121 198 331 364 417 474 539 572 665 716 779 800 885 939 1003 1034 1089 1159 1303 
10 122 199 332 365 418 475 540 573 666 717 780 801 886 940 1004 1035 1090 1160 1304 
11 123 200 333 366 419 476 541 574 667 718 781 802 887 941 1005 1036 1091 1161 1305 
12 124 201 334 367 420 477 542 575 668 719 782 803 888 942 1006 1037 1092 1162 1306 
13 125 202 335 368 421 478 543 576 669 720 783 804 889 943 1007 1038 1093 1163 1307 
14 126 203 280 369 422 479 544 577 670 721 728 805 890 944 952 1039 1094 1164 1308 
15 127 204 281 370 423 480 545 578 671 722 729 806 891 945 953 1040 1095 1165 1309 
16 128 205 282 371 424 481 546 579 616 723 730 807 892 946 954 1041 1096 1166 1310 
17 129 206 283 372 425 482 547 580 617 724 731 808 893 947 955 1042 1097 1167 1311 
18 130 207 284 373 426 483 548 581 618 725 732 809 894 948 956 1043 1098 1168 1312 
19 131 208 285 374 427 484 549 582 619 726 733 810 895 949 957 1044 1099 1169 1313 
20 132 209 286 375 428 485 550 583 620 727 734 811 840 950 958 1045 1100 1170 1314 
21 133 210 287 376 429 486 551 584 621 672 735 812 841 951 959 1046 1101 1171 1315 
22 134 211 288 377 430 487 552 585 622 673 736 813 842 896 960 1047 1102 1172 1316 
23 135 212 289 378 431 488 553 586 623 674 737 814 843 897 961 1048 1103 1173 1317 
24 136 213 290 379 432 489 554 587 624 675 738 815 844 898 962 1049 1104 1174 1318 
25 137 214 291 380 433 490 555 588 625 676 739 816 845 899 963 1050 1105 1175 1319 
26 138 215 292 381 434 491 556 589 626 677 740 817 846 900 964 1051 1106 1120 1320 
27 139 216 293 382 435 492 557 590 627 678 741 818 847 901 965 1052 1107 1121 1321 
28 140 217 294 383 436 493 558 591 628 679 742 819 848 902 966 1053 1108 1122 1322 
29 141 218 295 384 437 494 559 592 629 680 743 820 849 903 967 1054 1109 1123 1323 
30 142 219 296 385 438 495 504 593 630 681 744 821 850 904 968 1055 1110 1124 1324 
31 143 220 297 386 439 496 505 594 631 682 745 822 851 905 969 1056 1111 1125 1325 
32 144 221 298 387 440 497 506 595 632 683 746 823 852 906 970 1057 1112 1126 1326 
33 145 222 299 388 441 498 507 596 633 684 747 824 853 907 971 1058 1113 1127 1327 
34 146 223 300 389 442 499 508 597 634 685 748 825 854 908 972 1059 1114 1128 1328 
35 147 168 301 390 443 500 509 598 635 686 749 826 855 909 973 1060 1115 1129 1329 
36 148 169 302 391 444 501 510 599 636 687 750 827 856 910 974 1061 1116 1130 1330 
37 149 170 303 336 445 502 511 600 637 688 751 828 857 911 975 1062 1117 1131 1331 
38 150 171 304 337 446 503 512 601 638 689 752 829 858 912 976 1063 1118 1132 1332 
39 151 172 305 338 447 448 513 602 639 690 753 830 859 913 977 1008 1119 1133 1333 
40 152 173 306 339 392 449 514 603 640 691 754 831 860 914 978 1009 1064 1134 1334 
41 153 174 307 340 393 450 515 604 641 692 755 832 861 915 979 1010 1065 1135 1335 
42 154 175 308 341 394 451 516 605 642 693 756 833 862 916 980 1011 1066 1136 1336 
43 155 176 309 342 395 452 517 606 643 694 757 834 863 917 981 1012 1067 1137 1337 
44 156 177 310 343 396 453 518 607 644 695 758 835 864 918 982 1013 1068 1138 1338 
45 157 178 311 344 397 454 519 608 645 696 759 836 865 919 983 1014 1069 1139 1339 
46 158 179 312 345 398 455 520 609 646 697 760 837 866 920 984 1015 1070 1140 1340 
47 159 180 313 346 399 456 521 610 647 698 761 838 867 921 985 1016 1071 1141 1341 
48 160 181 314 347 400 457 522 611 648 699 762 839 868 922 986 1017 1072 1142 1342 
49 161 182 315 348 401 458 523 612 649 700 763 784 869 923 987 1018 1073 1143 1343 

