94 133 535 563 727 780 
95 134 536 564 728 781 
96 135 537 565 729 782 
97 136 538 566 730 783 
98 137 539 567 731 784 
99 138 480 568 732 785 
100 139 481 569 733 786 
101 140 482 570 734 787 
102 141 483 571 735 788 
103 142 484 572 736 789 
104 143 485 573 737 790 
105 144 486 574 738 791 
106 145 487 575 739 792 
107 146 488 576 740 793 
108 147 489 577 741 794 
109 148 490 578 742 795 
110 149 491 579 743 796 
111 150 492 580 744 797 
112 151 493 581 745 798 
113 152 494 582 746 799 
114 153 495 583 747 800 
115 154 496 584 748 801 
116 155 497 585 749 802 
117 156 498 586 750 803 
118 157 499 587 751 804 
119 158 500 588 752 805 
60 159 501 589 753 806 
61 160 502 590 754 807 
62 161 503 591 755 808 
63 162 504 592 756 809 
64 163 505 593 757 810 
65 164 506 594 758 811 
66 165 507 595 759 812 
67 166 508 596 760 813 
68 167 509 597 761 814 
69 168 510 598 762 815 
70 169 511 599 763 816 
71 170 512 540 764 817 
72 171 513 541 765 818 
73 172 514 542 766 819 
74 173 515 543 767 820 
75 174 516 544 768 821 
76 175 517 545 769 822 
77 176 518 546 770 823 
78 177 519 547 771 824 
79 178 520 548 772 825 
80 179 521 549 773 826 
81 120 522 550 774 827 
82 121 523 551 775 828 
83 122 524 552 776 829 
84 123 525 553 777 830 
85 124 526 554 778 831 
86 125 527 555 779 832 
87 126 528 556 720 833 
88 127 529 557 721 834 
89 128 530 558 722 835 
90 129 531 559 723 836 
91 130 532 560 724 837 
92 131 533 561 725 838 
93 132 534 562 726 839 
1 167 485 565 900 960 
2 168 486 566 901 961 
3 169 487 567 902 962 
4 170 488 568 903 963 
5 171 489 569 904 964 
6 172 490 570 905 965 
7 173 491 571 906 966 
8 174 492 572 907 967 
9 175 493 573 908 968 
10 176 494 574 909 969 
11 177 495 575 910 970 
12 178 496 576 911 971 
13 179 497 577 912 972 
14 120 498 578 913 973 
15 121 499 579 914 974 
16 122 500 580 915 975 
17 123 501 581 916 976 
18 124 502 582 917 977 
19 125 503 583 918 978 
20 126 504 584 919 979 
21 127 505 585 920 980 
22 128 506 586 921 981 
23 129 507 587 922 982 
24 130 508 588 923 983 
25 131 509 589 924 984 
26 132 510 590 925 985 
27 133 511 591 926 986 
28 134 512 592 927 987 
29 135 513 593 928 988 
30 136 514 594 929 989 
31 137 515 595 930 990 
32 138 516 596 931 991 
33 139 517 597 932 992 
34 140 518 598 933 993 
35 141 519 599 934 994 
36 142 520 540 935 995 
37 143 521 541 936 996 
38 144 522 542 937 997 
39 145 523 543 938 998 
40 146 524 544 939 999 
41 147 525 545 940 1000 
42 148 526 546 941 1001 
43 149 527 547 942 1002 
44 150 528 548 943 1003 
45 151 529 549 944 1004 
46 152 530 550 945 1005 
47 153 531 551 946 1006 
48 154 532 552 947 1007 
49 155 533 553 948 1008 
50 156 534 554 949 1009 
51 157 535 555 950 1010 
52 158 536 556 951 1011 
53 159 537 557 952 1012 
54 160 538 558 953 1013 
55 161 539 559 954 1014 
56 162 480 560 955 1015 
57 163 481 561 956 1016 
58 164 482 562 957 1017 
59 165 483 563 958 1018 
0 166 484 564 959 1019 
159 384 581 612 960 1020 
160 385 582 613 961 1021 
161 386 583 614 962 1022 
162 387 584 615 963 1023 
163 388 585 616 964 1024 
164 389 586 617 965 1025 
165 390 587 618 966 1026 
166 391 588 619 967 1027 
167 392 589 620 968 1028 
168 393 590 621 969 1029 
169 394 591 622 970 1030 
170 395 592 623 971 1031 
171 396 593 624 972 1032 
172 397 594 625 973 1033 
173 398 595 626 974 1034 
174 399 596 627 975 1035 
175 400 597 628 976 1036 
176 401 598 629 977 1037 
177 402 599 630 978 1038 
178 403 540 631 979 1039 
179 404 541 632 980 1040 
120 405 542 633 981 1041 
121 406 543 634 982 1042 
122 407 544 635 983 1043 
123 408 545 636 984 1044 
124 409 546 637 985 1045 
125 410 547 638 986 1046 
126 411 548 639 987 1047 
127 412 549 640 988 1048 
128 413 550 641 989 1049 
129 414 551 642 990 1050 
130 415 552 643 991 1051 
131 416 553 644 992 1052 
132 417 554 645 993 1053 
133 418 555 646 994 1054 
134 419 556 647 995 1055 
135 360 557 648 996 1056 
136 361 558 649 997 1057 
137 362 559 650 998 1058 
138 363 560 651 999 1059 
139 364 561 652 1000 1060 
140 365 562 653 1001 1061 
141 366 563 654 1002 1062 
142 367 564 655 1003 1063 
143 368 565 656 1004 1064 
144 369 566 657 1005 1065 
145 370 567 658 1006 1066 
146 371 568 659 1007 1067 
147 372 569 600 1008 1068 
148 373 570 601 1009 1069 
149 374 571 602 1010 1070 
150 375 572 603 1011 1071 
151 376 573 604 1012 1072 
152 377 574 605 1013 1073 
153 378 575 606 1014 1074 
154 379 576 607 1015 1075 
155 380 577 608 1016 1076 
156 381 578 609 1017 1077 
157 382 579 610 1018 1078 
158 383 580 611 1019 1079 
155 233 554 618 1080 1140 
156 234 555 619 1081 1141 
157 235 556 620 1082 1142 
158 236 557 621 1083 1143 
159 237 558 622 1084 1144 
160 238 559 623 1085 1145 
161 239 560 624 1086 1146 
162 180 561 625 1087 1147 
163 181 562 626 1088 1148 
164 182 563 627 1089 1149 
165 183 564 628 1090 1150 
166 184 565 629 1091 1151 
167 185 566 630 1092 1152 
168 186 567 631 1093 1153 
169 187 568 632 1094 1154 
170 188 569 633 1095 1155 
171 189 570 634 1096 1156 
172 190 571 635 1097 1157 
173 191 572 636 1098 1158 
174 192 573 637 1099 1159 
175 193 574 638 1100 1160 
176 194 575 639 1101 1161 
177 195 576 640 1102 1162 
178 196 577 641 1103 1163 
179 197 578 642 1104 1164 
120 198 579 643 1105 1165 
121 199 580 644 1106 1166 
122 200 581 645 1107 1167 
123 201 582 646 1108 1168 
124 202 583 647 1109 1169 
125 203 584 648 1110 1170 
126 204 585 649 1111 1171 
127 205 586 650 1112 1172 
128 206 587 651 1113 1173 
129 207 588 652 1114 1174 
130 208 589 653 1115 1175 
131 209 590 654 1116 1176 
132 210 591 655 1117 1177 
133 211 592 656 1118 1178 
134 212 593 657 1119 1179 
135 213 594 658 1120 1180 
136 214 595 659 1121 1181 
137 215 596 600 1122 1182 
138 216 597 601 1123 1183 
139 217 598 602 1124 1184 
140 218 599 603 1125 1185 
141 219 540 604 1126 1186 
142 220 541 605 1127 1187 
143 221 542 606 1128 1188 
144 222 543 607 1129 1189 
145 223 544 608 1130 1190 
146 224 545 609 1131 1191 
147 225 546 610 1132 1192 
148 226 547 611 1133 1193 
149 227 548 612 1134 1194 
150 228 549 613 1135 1195 
151 229 550 614 1136 1196 
152 230 551 615 1137 1197 
153 231 552 616 1138 1198 
154 232 553 617 1139 1199 
71 133 362 587 1140 1200 
72 134 363 588 1141 1201 
73 135 364 589 1142 1202 
74 136 365 590 1143 1203 
75 137 366 591 1144 1204 
76 138 367 592 1145 1205 
77 139 368 593 1146 1206 
78 140 369 594 1147 1207 
79 141 370 595 1148 1208 
80 142 371 596 1149 1209 
81 143 372 597 1150 1210 
82 144 373 598 1151 1211 
83 145 374 599 1152 1212 
84 146 375 540 1153 1213 
85 147 376 541 1154 1214 
86 148 377 542 1155 1215 
87 149 378 543 1156 1216 
88 150 379 544 1157 1217 
89 151 380 545 1158 1218 
90 152 381 546 1159 1219 
91 153 382 547 1160 1220 
92 154 383 548 1161 1221 
93 155 384 549 1162 1222 
94 156 385 550 1163 1223 
95 157 386 551 1164 1224 
96 158 387 552 1165 1225 
97 159 388 553 1166 1226 
98 160 389 554 1167 1227 
99 161 390 555 1168 1228 
100 162 391 556 1169 1229 
101 163 392 557 1170 1230 
102 164 393 558 1171 1231 
103 165 394 559 1172 1232 
104 166 395 560 1173 1233 
105 167 396 561 1174 1234 
106 168 397 562 1175 1235 
107 169 398 563 1176 1236 
108 170 399 564 1177 1237 
109 171 400 565 1178 1238 
110 172 401 566 1179 1239 
111 173 402 567 1180 1240 
112 174 403 568 1181 1241 
113 175 404 569 1182 1242 
114 176 405 570 1183 1243 
115 177 406 571 1184 1244 
116 178 407 572 1185 1245 
117 179 408 573 1186 1246 
118 120 409 574 1187 1247 
119 121 410 575 1188 1248 
60 122 411 576 1189 1249 
61 123 412 577 1190 1250 
62 124 413 578 1191 1251 
63 125 414 579 1192 1252 
64 126 415 580 1193 1253 
65 127 416 581 1194 1254 
66 128 417 582 1195 1255 
67 129 418 583 1196 1256 
68 130 419 584 1197 1257 
69 131 360 585 1198 1258 
70 132 361 586 1199 1259 
334 479 610 672 1260 1320 
335 420 611 673 1261 1321 
336 421 612 674 1262 1322 
337 422 613 675 1263 1323 
338 423 614 676 1264 1324 
339 424 615 677 1265 1325 
340 425 616 678 1266 1326 
341 426 617 679 1267 1327 
342 427 618 680 1268 1328 
343 428 619 681 1269 1329 
344 429 620 682 1270 1330 
345 430 621 683 1271 1331 
346 431 622 684 1272 1332 
347 432 623 685 1273 1333 
348 433 624 686 1274 1334 
349 434 625 687 1275 1335 
350 435 626 688 1276 1336 
351 436 627 689 1277 1337 
352 437 628 690 1278 1338 
353 438 629 691 1279 1339 
354 439 630 692 1280 1340 
355 440 631 693 1281 1341 
356 441 632 694 1282 1342 
357 442 633 695 1283 1343 
358 443 634 696 1284 1344 
359 444 635 697 1285 1345 
300 445 636 698 1286 1346 
301 446 637 699 1287 1347 
302 447 638 700 1288 1348 
303 448 639 701 1289 1349 
304 449 640 702 1290 1350 
305 450 641 703 1291 1351 
306 451 642 704 1292 1352 
307 452 643 705 1293 1353 
308 453 644 706 1294 1354 
309 454 645 707 1295 1355 
310 455 646 708 1296 1356 
311 456 647 709 1297 1357 
312 457 648 710 1298 1358 
313 458 649 711 1299 1359 
314 459 650 712 1300 1360 
315 460 651 713 1301 1361 
316 461 652 714 1302 1362 
317 462 653 715 1303 1363 
318 463 654 716 1304 1364 
319 464 655 717 1305 1365 
320 465 656 718 1306 1366 
321 466 657 719 1307 1367 
322 467 658 660 1308 1368 
323 468 659 661 1309 1369 
324 469 600 662 1310 1370 
325 470 601 663 1311 1371 
326 471 602 664 1312 1372 
327 472 603 665 1313 1373 
328 473 604 666 1314 1374 
329 474 605 667 1315 1375 
330 475 606 668 1316 1376 
331 476 607 669 1317 1377 
332 477 608 670 1318 1378 
333 478 609 671 1319 1379 
127 185 519 589 1320 1380 
128 186 520 590 1321 1381 
129 187 521 591 1322 1382 
130 188 522 592 1323 1383 
131 189 523 593 1324 1384 
132 190 524 594 1325 1385 
133 191 525 595 1326 1386 
134 192 526 596 1327 1387 
135 193 527 597 1328 1388 
136 194 528 598 1329 1389 
137 195 529 599 1330 1390 
138 196 530 540 1331 1391 
139 197 531 541 1332 1392 
140 198 532 542 1333 1393 
141 199 533 543 1334 1394 
142 200 534 544 1335 1395 
143 201 535 545 1336 1396 
144 202 536 546 1337 1397 
145 203 537 547 1338 1398 
146 204 538 548 1339 1399 
147 205 539 549 1340 1400 
148 206 480 550 1341 1401 
149 207 481 551 1342 1402 
150 208 482 552 1343 1403 
151 209 483 553 1344 1404 
152 210 484 554 1345 1405 
153 211 485 555 1346 1406 
154 212 486 556 1347 1407 
155 213 487 557 1348 1408 
156 214 488 558 1349 1409 
157 215 489 559 1350 1410 
158 216 490 560 1351 1411 
159 217 491 561 1352 1412 
160 218 492 562 1353 1413 
161 219 493 563 1354 1414 
162 220 494 564 1355 1415 
163 221 495 565 1356 1416 
164 222 496 566 1357 1417 
165 223 497 567 1358 1418 
166 224 498 568 1359 1419 
167 225 499 569 1360 1420 
168 226 500 570 1361 1421 
169 227 501 571 1362 1422 
170 228 502 572 1363 1423 
171 229 503 573 1364 1424 
172 230 504 574 1365 1425 
173 231 505 575 1366 1426 
174 232 506 576 1367 1427 
175 233 507 577 1368 1428 
176 234 508 578 1369 1429 
177 235 509 579 1370 1430 
178 236 510 580 1371 1431 
179 237 511 581 1372 1432 
120 238 512 582 1373 1433 
121 239 513 583 1374 1434 
122 180 514 584 1375 1435 
123 181 515 585 1376 1436 
124 182 516 586 1377 1437 
125 183 517 587 1378 1438 
126 184 518 588 1379 1439 
43 306 461 686 727 1380 
44 307 462 687 728 1381 
45 308 463 688 729 1382 
46 309 464 689 730 1383 
47 310 465 690 731 1384 
48 311 466 691 732 1385 
49 312 467 692 733 1386 
50 313 468 693 734 1387 
51 314 469 694 735 1388 
52 315 470 695 736 1389 
53 316 471 696 737 1390 
54 317 472 697 738 1391 
55 318 473 698 739 1392 
56 319 474 699 740 1393 
57 320 475 700 741 1394 
58 321 476 701 742 1395 
59 322 477 702 743 1396 
0 323 478 703 744 1397 
1 324 479 704 745 1398 
2 325 420 705 746 1399 
3 326 421 706 747 1400 
4 327 422 707 748 1401 
5 328 423 708 749 1402 
6 329 424 709 750 1403 
7 330 425 710 751 1404 
8 331 426 711 752 1405 
9 332 427 712 753 1406 
10 333 428 713 754 1407 
11 334 429 714 755 1408 
12 335 430 715 756 1409 
13 336 431 716 757 1410 
14 337 432 717 758 1411 
15 338 433 718 759 1412 
16 339 434 719 760 1413 
17 340 435 660 761 1414 
18 341 436 661 762 1415 
19 342 437 662 763 1416 
20 343 438 663 764 1417 
21 344 439 664 765 1418 
22 345 440 665 766 1419 
23 346 441 666 767 1420 
24 347 442 667 768 1421 
25 348 443 668 769 1422 
26 349 444 669 770 1423 
27 350 445 670 771 1424 
28 351 446 671 772 1425 
29 352 447 672 773 1426 
30 353 448 673 774 1427 
31 354 449 674 775 1428 
32 355 450 675 776 1429 
33 356 451 676 777 1430 
34 357 452 677 778 1431 
35 358 453 678 779 1432 
36 359 454 679 720 1433 
37 300 455 680 721 1434 
38 301 456 681 722 1435 
39 302 457 682 723 1436 
40 303 458 683 724 1437 
41 304 459 684 725 1438 
42 305 460 685 726 1439 
87 322 379 429 672 780 840 
88 323 380 430 673 781 841 
89 324 381 431 674 782 842 
90 325 382 432 675 783 843 
91 326 383 433 676 784 844 
92 327 384 434 677 785 845 
93 328 385 435 678 786 846 
94 329 386 436 679 787 847 
95 330 387 437 680 788 848 
96 331 388 438 681 789 849 
97 332 389 439 682 790 850 
98 333 390 440 683 791 851 
99 334 391 441 684 792 852 
100 335 392 442 685 793 853 
101 336 393 443 686 794 854 
102 337 394 444 687 795 855 
103 338 395 445 688 796 856 
104 339 396 446 689 797 857 
105 340 397 447 690 798 858 
106 341 398 448 691 799 859 
107 342 399 449 692 800 860 
108 343 400 450 693 801 861 
109 344 401 451 694 802 862 
110 345 402 452 695 803 863 
111 346 403 453 696 804 864 
112 347 404 454 697 805 865 
113 348 405 455 698 806 866 
114 349 406 456 699 807 867 
115 350 407 457 700 808 868 
116 351 408 458 701 809 869 
117 352 409 459 702 810 870 
118 353 410 460 703 811 871 
119 354 411 461 704 812 872 
60 355 412 462 705 813 873 
61 356 413 463 706 814 874 
62 357 414 464 707 815 875 
63 358 415 465 708 816 876 
64 359 416 466 709 817 877 
65 300 417 467 710 818 878 
66 301 418 468 711 819 879 
67 302 419 469 712 820 880 
68 303 360 470 713 821 881 
69 304 361 471 714 822 882 
70 305 362 472 715 823 883 
71 306 363 473 716 824 884 
72 307 364 474 717 825 885 
73 308 365 475 718 826 886 
74 309 366 476 719 827 887 
75 310 367 477 660 828 888 
76 311 368 478 661 829 889 
77 312 369 479 662 830 890 
78 313 370 420 663 831 891 
79 314 371 421 664 832 892 
80 315 372 422 665 833 893 
81 316 373 423 666 834 894 
82 317 374 424 667 835 895 
83 318 375 425 668 836 896 
84 319 376 426 669 837 897 
85 320 377 427 670 838 898 
86 321 378 428 671 839 899 
204 262 321 453 660 840 900 
205 263 322 454 661 841 901 
206 264 323 455 662 842 902 
207 265 324 456 663 843 903 
208 266 325 457 664 844 904 
209 267 326 458 665 845 905 
210 268 327 459 666 846 906 
211 269 328 460 667 847 907 
212 270 329 461 668 848 908 
213 271 330 462 669 849 909 
214 272 331 463 670 850 910 
215 273 332 464 671 851 911 
216 274 333 465 672 852 912 
217 275 334 466 673 853 913 
218 276 335 467 674 854 914 
219 277 336 468 675 855 915 
220 278 337 469 676 856 916 
221 279 338 470 677 857 917 
222 280 339 471 678 858 918 
223 281 340 472 679 859 919 
224 282 341 473 680 860 920 
225 283 342 474 681 861 921 
226 284 343 475 682 862 922 
227 285 344 476 683 863 923 
228 286 345 477 684 864 924 
229 287 346 478 685 865 925 
230 288 347 479 686 866 926 
231 289 348 420 687 867 927 
232 290 349 421 688 868 928 
233 291 350 422 689 869 929 
234 292 351 423 690 870 930 
235 293 352 424 691 871 931 
236 294 353 425 692 872 932 
237 295 354 426 693 873 933 
238 296 355 427 694 874 934 
239 297 356 428 695 875 935 
180 298 357 429 696 876 936 
181 299 358 430 697 877 937 
182 240 359 431 698 878 938 
183 241 300 432 699 879 939 
184 242 301 433 700 880 940 
185 243 302 434 701 881 941 
186 244 303 435 702 882 942 
187 245 304 436 703 883 943 
188 246 305 437 704 884 944 
189 247 306 438 705 885 945 
190 248 307 439 706 886 946 
191 249 308 440 707 887 947 
192 250 309 441 708 888 948 
193 251 310 442 709 889 949 
194 252 311 443 710 890 950 
195 253 312 444 711 891 951 
196 254 313 445 712 892 952 
197 255 314 446 713 893 953 
198 256 315 447 714 894 954 
199 257 316 448 715 895 955 
200 258 317 449 716 896 956 
201 259 318 450 717 897 957 
202 260 319 451 718 898 958 
203 261 320 452 719 899 959 
286 340 442 679 720 1020 1080 
287 341 443 680 721 1021 1081 
288 342 444 681 722 1022 1082 
289 343 445 682 723 1023 1083 
290 344 446 683 724 1024 1084 
291 345 447 684 725 1025 1085 
292 346 448 685 726 1026 1086 
293 347 449 686 727 1027 1087 
294 348 450 687 728 1028 1088 
295 349 451 688 729 1029 1089 
296 350 452 689 730 1030 1090 
297 351 453 690 731 1031 1091 
298 352 454 691 732 1032 1092 
299 353 455 692 733 1033 1093 
240 354 456 693 734 1034 1094 
241 355 457 694 735 1035 1095 
242 356 458 695 736 1036 1096 
243 357 459 696 737 1037 1097 
244 358 460 697 738 1038 1098 
245 359 461 698 739 1039 1099 
246 300 462 699 740 1040 1100 
247 301 463 700 741 1041 1101 
248 302 464 701 742 1042 1102 
249 303 465 702 743 1043 1103 
250 304 466 703 744 1044 1104 
251 305 467 704 745 1045 1105 
252 306 468 705 746 1046 1106 
253 307 469 706 747 1047 1107 
254 308 470 707 748 1048 1108 
255 309 471 708 749 1049 1109 
256 310 472 709 750 1050 1110 
257 311 473 710 751 1051 1111 
258 312 474 711 752 1052 1112 
259 313 475 712 753 1053 1113 
260 314 476 713 754 1054 1114 
261 315 477 714 755 1055 1115 
262 316 478 715 756 1056 1116 
263 317 479 716 757 1057 1117 
264 318 420 717 758 1058 1118 
265 319 421 718 759 1059 1119 
266 320 422 719 760 1060 1120 
267 321 423 660 761 1061 1121 
268 322 424 661 762 1062 1122 
269 323 425 662 763 1063 1123 
270 324 426 663 764 1064 1124 
271 325 427 664 765 1065 1125 
272 326 428 665 766 1066 1126 
273 327 429 666 767 1067 1127 
274 328 430 667 768 1068 1128 
275 329 431 668 769 1069 1129 
276 330 432 669 770 1070 1130 
277 331 433 670 771 1071 1131 
278 332 434 671 772 1072 1132 
279 333 435 672 773 1073 1133 
280 334 436 673 774 1074 1134 
281 335 437 674 775 1075 1135 
282 336 438 675 776 1076 1136 
283 337 439 676 777 1077 1137 
284 338 440 677 778 1078 1138 
285 339 441 678 779 1079 1139 
12 263 324 463 711 1200 1260 
13 264 325 464 712 1201 1261 
14 265 326 465 713 1202 1262 
15 266 327 466 714 1203 1263 
16 267 328 467 715 1204 1264 
17 268 329 468 716 1205 1265 
18 269 330 469 717 1206 1266 
19 270 331 470 718 1207 1267 
20 271 332 471 719 1208 1268 
21 272 333 472 660 1209 1269 
22 273 334 473 661 1210 1270 
23 274 335 474 662 1211 1271 
24 275 336 475 663 1212 1272 
25 276 337 476 664 1213 1273 
26 277 338 477 665 1214 1274 
27 278 339 478 666 1215 1275 
28 279 340 479 667 1216 1276 
29 280 341 420 668 1217 1277 
30 281 342 421 669 1218 1278 
31 282 343 422 670 1219 1279 
32 283 344 423 671 1220 1280 
33 284 345 424 672 1221 1281 
34 285 346 425 673 1222 1282 
35 286 347 426 674 1223 1283 
36 287 348 427 675 1224 1284 
37 288 349 428 676 1225 1285 
38 289 350 429 677 1226 1286 
39 290 351 430 678 1227 1287 
40 291 352 431 679 1228 1288 
41 292 353 432 680 1229 1289 
42 293 354 433 681 1230 1290 
43 294 355 434 682 1231 1291 
44 295 356 435 683 1232 1292 
45 296 357 436 684 1233 1293 
46 297 358 437 685 1234 1294 
47 298 359 438 686 1235 1295 
48 299 300 439 687 1236 1296 
49 240 301 440 688 1237 1297 
50 241 302 441 689 1238 1298 
51 242 303 442 690 1239 1299 
52 243 304 443 691 1240 1300 
53 244 305 444 692 1241 1301 
54 245 306 445 693 1242 1302 
55 246 307 446 694 1243 1303 
56 247 308 447 695 1244 1304 
57 248 309 448 696 1245 1305 
58 249 310 449 697 1246 1306 
59 250 311 450 698 1247 1307 
0 251 312 451 699 1248 1308 
1 252 313 452 700 1249 1309 
2 253 314 453 701 1250 1310 
3 254 315 454 702 1251 1311 
4 255 316 455 703 1252 1312 
5 256 317 456 704 1253 1313 
6 257 318 457 705 1254 1314 
7 258 319 458 706 1255 1315 
8 259 320 459 707 1256 1316 
9 260 321 460 708 1257 1317 
10 261 322 461 709 1258 1318 
11 262 323 462 710 1259 1319 

