1 85 175 287 304 451 504 548 626 712 742 813 845 900 996 1040 1084 1157 1220 1260 
2 86 176 288 305 452 505 549 627 713 743 814 846 901 997 1041 1085 1158 1221 1261 
3 87 177 289 306 453 506 550 628 714 744 815 847 902 998 1042 1086 1159 1222 1262 
4 88 178 290 307 454 507 551 629 715 745 816 848 903 999 1043 1087 1160 1223 1263 
5 89 179 291 308 455 508 552 630 716 746 817 849 904 1000 1044 1088 1161 1224 1264 
6 90 120 292 309 456 509 553 631 717 747 818 850 905 1001 1045 1089 1162 1225 1265 
7 91 121 293 310 457 510 554 632 718 748 819 851 906 1002 1046 1090 1163 1226 1266 
8 92 122 294 311 458 511 555 633 719 749 820 852 907 1003 1047 1091 1164 1227 1267 
9 93 123 295 312 459 512 556 634 660 750 821 853 908 1004 1048 1092 1165 1228 1268 
10 94 124 296 313 460 513 557 635 661 751 822 854 909 1005 1049 1093 1166 1229 1269 
11 95 125 297 314 461 514 558 636 662 752 823 855 910 1006 1050 1094 1167 1230 1270 
12 96 126 298 315 462 515 559 637 663 753 824 856 911 1007 1051 1095 1168 1231 1271 
13 97 127 299 316 463 516 560 638 664 754 825 857 912 1008 1052 1096 1169 1232 1272 
14 98 128 240 317 464 517 561 639 665 755 826 858 913 1009 1053 1097 1170 1233 1273 
15 99 129 241 318 465 518 562 640 666 756 827 859 914 1010 1054 1098 1171 1234 1274 
16 100 130 242 319 466 519 563 641 667 757 828 860 915 1011 1055 1099 1172 1235 1275 
17 101 131 243 320 467 520 564 642 668 758 829 861 916 1012 1056 1100 1173 1236 1276 
18 102 132 244 321 468 521 565 643 669 759 830 862 917 1013 1057 1101 1174 1237 1277 
19 103 133 245 322 469 522 566 644 670 760 831 863 918 1014 1058 1102 1175 1238 1278 
20 104 134 246 323 470 523 567 645 671 761 832 864 919 1015 1059 1103 1176 1239 1279 
21 105 135 247 324 471 524 568 646 672 762 833 865 920 1016 1060 1104 1177 1240 1280 
22 106 136 248 325 472 525 569 647 673 763 834 866 921 1017 1061 1105 1178 1241 1281 
23 107 137 249 326 473 526 570 648 674 764 835 867 922 1018 1062 1106 1179 1242 1282 
24 108 138 250 327 474 527 571 649 675 765 836 868 923 1019 1063 1107 1180 1243 1283 
25 109 139 251 328 475 528 572 650 676 766 837 869 924 960 1064 1108 1181 1244 1284 
26 110 140 252 329 476 529 573 651 677 767 838 870 925 961 1065 1109 1182 1245 1285 
27 111 141 253 330 477 530 574 652 678 768 839 871 926 962 1066 1110 1183 1246 1286 
28 112 142 254 331 478 531 575 653 679 769 780 872 927 963 1067 1111 1184 1247 1287 
29 113 143 255 332 479 532 576 654 680 770 781 873 928 964 1068 1112 1185 1248 1288 
30 114 144 256 333 420 533 577 655 681 771 782 874 929 965 1069 1113 1186 1249 1289 
31 115 145 257 334 421 534 578 656 682 772 783 875 930 966 1070 1114 1187 1250 1290 
32 116 146 258 335 422 535 579 657 683 773 784 876 931 967 1071 1115 1188 1251 1291 
33 117 147 259 336 423 536 580 658 684 774 785 877 932 968 1072 1116 1189 1252 1292 
34 118 148 260 337 424 537 581 659 685 775 786 878 933 969 1073 1117 1190 1253 1293 
35 119 149 261 338 425 538 582 600 686 776 787 879 934 970 1074 1118 1191 1254 1294 
36 60 150 262 339 426 539 583 601 687 777 788 880 935 971 1075 1119 1192 1255 1295 
37 61 151 263 340 427 480 584 602 688 778 789 881 936 972 1076 1120 1193 1256 1296 
38 62 152 264 341 428 481 585 603 689 779 790 882 937 973 1077 1121 1194 1257 1297 
39 63 153 265 342 429 482 586 604 690 720 791 883 938 974 1078 1122 1195 1258 1298 
40 64 154 266 343 430 483 587 605 691 721 792 884 939 975 1079 1123 1196 1259 1299 
41 65 155 267 344 431 484 588 606 692 722 793 885 940 976 1020 1124 1197 1200 1300 
42 66 156 268 345 432 485 589 607 693 723 794 886 941 977 1021 1125 1198 1201 1301 
43 67 157 269 346 433 486 590 608 694 724 795 887 942 978 1022 1126 1199 1202 1302 
44 68 158 270 347 434 487 591 609 695 725 796 888 943 979 1023 1127 1140 1203 1303 
45 69 159 271 348 435 488 592 610 696 726 797 889 944 980 1024 1128 1141 1204 1304 
46 70 160 272 349 436 489 593 611 697 727 798 890 945 981 1025 1129 1142 1205 1305 
47 71 161 273 350 437 490 594 612 698 728 799 891 946 982 1026 1130 1143 1206 1306 
48 72 162 274 351 438 491 595 613 699 729 800 892 947 983 1027 1131 1144 1207 1307 
49 73 163 275 352 439 492 596 614 700 730 801 893 948 984 1028 1132 1145 1208 1308 
50 74 164 276 353 440 493 597 615 701 731 802 894 949 985 1029 1133 1146 1209 1309 
51 75 165 277 354 441 494 598 616 702 732 803 895 950 986 1030 1134 1147 1210 1310 
52 76 166 278 355 442 495 599 617 703 733 804 896 951 987 1031 1135 1148 1211 1311 
53 77 167 279 356 443 496 540 618 704 734 805 897 952 988 1032 1136 1149 1212 1312 
54 78 168 280 357 444 497 541 619 705 735 806 898 953 989 1033 1137 1150 1213 1313 
55 79 169 281 358 445 498 542 620 706 736 807 899 954 990 1034 1138 1151 1214 1314 
56 80 170 282 359 446 499 543 621 707 737 808 840 955 991 1035 1139 1152 1215 1315 
57 81 171 283 300 447 500 544 622 708 738 809 841 956 992 1036 1080 1153 1216 1316 
58 82 172 284 301 448 501 545 623 709 739 810 842 957 993 1037 1081 1154 1217 1317 
59 83 173 285 302 449 502 546 624 710 740 811 843 958 994 1038 1082 1155 1218 1318 
0 84 174 286 303 450 503 547 625 711 741 812 844 959 995 1039 1083 1156 1219 1319 
66 216 280 347 372 439 527 641 681 732 791 854 912 960 1064 1129 1140 1200 1260 1320 
67 217 281 348 373 440 528 642 682 733 792 855 913 961 1065 1130 1141 1201 1261 1321 
68 218 282 349 374 441 529 643 683 734 793 856 914 962 1066 1131 1142 1202 1262 1322 
69 219 283 350 375 442 530 644 684 735 794 857 915 963 1067 1132 1143 1203 1263 1323 
70 220 284 351 376 443 531 645 685 736 795 858 916 964 1068 1133 1144 1204 1264 1324 
71 221 285 352 377 444 532 646 686 737 796 859 917 965 1069 1134 1145 1205 1265 1325 
72 222 286 353 378 445 533 647 687 738 797 860 918 966 1070 1135 1146 1206 1266 1326 
73 223 287 354 379 446 534 648 688 739 798 861 919 967 1071 1136 1147 1207 1267 1327 
74 224 288 355 380 447 535 649 689 740 799 862 920 968 1072 1137 1148 1208 1268 1328 
75 225 289 356 381 448 536 650 690 741 800 863 921 969 1073 1138 1149 1209 1269 1329 
76 226 290 357 382 449 537 651 691 742 801 864 922 970 1074 1139 1150 1210 1270 1330 
77 227 291 358 383 450 538 652 692 743 802 865 923 971 1075 1080 1151 1211 1271 1331 
78 228 292 359 384 451 539 653 693 744 803 866 924 972 1076 1081 1152 1212 1272 1332 
79 229 293 300 385 452 480 654 694 745 804 867 925 973 1077 1082 1153 1213 1273 1333 
80 230 294 301 386 453 481 655 695 746 805 868 926 974 1078 1083 1154 1214 1274 1334 
81 231 295 302 387 454 482 656 696 747 806 869 927 975 1079 1084 1155 1215 1275 1335 
82 232 296 303 388 455 483 657 697 748 807 870 928 976 1020 1085 1156 1216 1276 1336 
83 233 297 304 389 456 484 658 698 749 808 871 929 977 1021 1086 1157 1217 1277 1337 
84 234 298 305 390 457 485 659 699 750 809 872 930 978 1022 1087 1158 1218 1278 1338 
85 235 299 306 391 458 486 600 700 751 810 873 931 979 1023 1088 1159 1219 1279 1339 
86 236 240 307 392 459 487 601 701 752 811 874 932 980 1024 1089 1160 1220 1280 1340 
87 237 241 308 393 460 488 602 702 753 812 875 933 981 1025 1090 1161 1221 1281 1341 
88 238 242 309 394 461 489 603 703 754 813 876 934 982 1026 1091 1162 1222 1282 1342 
89 239 243 310 395 462 490 604 704 755 814 877 935 983 1027 1092 1163 1223 1283 1343 
90 180 244 311 396 463 491 605 705 756 815 878 936 984 1028 1093 1164 1224 1284 1344 
91 181 245 312 397 464 492 606 706 757 816 879 937 985 1029 1094 1165 1225 1285 1345 
92 182 246 313 398 465 493 607 707 758 817 880 938 986 1030 1095 1166 1226 1286 1346 
93 183 247 314 399 466 494 608 708 759 818 881 939 987 1031 1096 1167 1227 1287 1347 
94 184 248 315 400 467 495 609 709 760 819 882 940 988 1032 1097 1168 1228 1288 1348 
95 185 249 316 401 468 496 610 710 761 820 883 941 989 1033 1098 1169 1229 1289 1349 
96 186 250 317 402 469 497 611 711 762 821 884 942 990 1034 1099 1170 1230 1290 1350 
97 187 251 318 403 470 498 612 712 763 822 885 943 991 1035 1100 1171 1231 1291 1351 
98 188 252 319 404 471 499 613 713 764 823 886 944 992 1036 1101 1172 1232 1292 1352 
99 189 253 320 405 472 500 614 714 765 824 887 945 993 1037 1102 1173 1233 1293 1353 
100 190 254 321 406 473 501 615 715 766 825 888 946 994 1038 1103 1174 1234 1294 1354 
101 191 255 322 407 474 502 616 716 767 826 889 947 995 1039 1104 1175 1235 1295 1355 
102 192 256 323 408 475 503 617 717 768 827 890 948 996 1040 1105 1176 1236 1296 1356 
103 193 257 324 409 476 504 618 718 769 828 891 949 997 1041 1106 1177 1237 1297 1357 
104 194 258 325 410 477 505 619 719 770 829 892 950 998 1042 1107 1178 1238 1298 1358 
105 195 259 326 411 478 506 620 660 771 830 893 951 999 1043 1108 1179 1239 1299 1359 
106 196 260 327 412 479 507 621 661 772 831 894 952 1000 1044 1109 1180 1240 1300 1360 
107 197 261 328 413 420 508 622 662 773 832 895 953 1001 1045 1110 1181 1241 1301 1361 
108 198 262 329 414 421 509 623 663 774 833 896 954 1002 1046 1111 1182 1242 1302 1362 
109 199 263 330 415 422 510 624 664 775 834 897 955 1003 1047 1112 1183 1243 1303 1363 
110 200 264 331 416 423 511 625 665 776 835 898 956 1004 1048 1113 1184 1244 1304 1364 
111 201 265 332 417 424 512 626 666 777 836 899 957 1005 1049 1114 1185 1245 1305 1365 
112 202 266 333 418 425 513 627 667 778 837 840 958 1006 1050 1115 1186 1246 1306 1366 
113 203 267 334 419 426 514 628 668 779 838 841 959 1007 1051 1116 1187 1247 1307 1367 
114 204 268 335 360 427 515 629 669 720 839 842 900 1008 1052 1117 1188 1248 1308 1368 
115 205 269 336 361 428 516 630 670 721 780 843 901 1009 1053 1118 1189 1249 1309 1369 
116 206 270 337 362 429 517 631 671 722 781 844 902 1010 1054 1119 1190 1250 1310 1370 
117 207 271 338 363 430 518 632 672 723 782 845 903 1011 1055 1120 1191 1251 1311 1371 
118 208 272 339 364 431 519 633 673 724 783 846 904 1012 1056 1121 1192 1252 1312 1372 
119 209 273 340 365 432 520 634 674 725 784 847 905 1013 1057 1122 1193 1253 1313 1373 
60 210 274 341 366 433 521 635 675 726 785 848 906 1014 1058 1123 1194 1254 1314 1374 
61 211 275 342 367 434 522 636 676 727 786 849 907 1015 1059 1124 1195 1255 1315 1375 
62 212 276 343 368 435 523 637 677 728 787 850 908 1016 1060 1125 1196 1256 1316 1376 
63 213 277 344 369 436 524 638 678 729 788 851 909 1017 1061 1126 1197 1257 1317 1377 
64 214 278 345 370 437 525 639 679 730 789 852 910 1018 1062 1127 1198 1258 1318 1378 
65 215 279 346 371 438 526 640 680 731 790 853 911 1019 1063 1128 1199 1259 1319 1379 
51 81 143 184 247 381 511 564 631 661 741 789 866 918 960 1048 1087 1155 1320 1380 
52 82 144 185 248 382 512 565 632 662 742 790 867 919 961 1049 1088 1156 1321 1381 
53 83 145 186 249 383 513 566 633 663 743 791 868 920 962 1050 1089 1157 1322 1382 
54 84 146 187 250 384 514 567 634 664 744 792 869 921 963 1051 1090 1158 1323 1383 
55 85 147 188 251 385 515 568 635 665 745 793 870 922 964 1052 1091 1159 1324 1384 
56 86 148 189 252 386 516 569 636 666 746 794 871 923 965 1053 1092 1160 1325 1385 
57 87 149 190 253 387 517 570 637 667 747 795 872 924 966 1054 1093 1161 1326 1386 
58 88 150 191 254 388 518 571 638 668 748 796 873 925 967 1055 1094 1162 1327 1387 
59 89 151 192 255 389 519 572 639 669 749 797 874 926 968 1056 1095 1163 1328 1388 
0 90 152 193 256 390 520 573 640 670 750 798 875 927 969 1057 1096 1164 1329 1389 
1 91 153 194 257 391 521 574 641 671 751 799 876 928 970 1058 1097 1165 1330 1390 
2 92 154 195 258 392 522 575 642 672 752 800 877 929 971 1059 1098 1166 1331 1391 
3 93 155 196 259 393 523 576 643 673 753 801 878 930 972 1060 1099 1167 1332 1392 
4 94 156 197 260 394 524 577 644 674 754 802 879 931 973 1061 1100 1168 1333 1393 
5 95 157 198 261 395 525 578 645 675 755 803 880 932 974 1062 1101 1169 1334 1394 
6 96 158 199 262 396 526 579 646 676 756 804 881 933 975 1063 1102 1170 1335 1395 
7 97 159 200 263 397 527 580 647 677 757 805 882 934 976 1064 1103 1171 1336 1396 
8 98 160 201 264 398 528 581 648 678 758 806 883 935 977 1065 1104 1172 1337 1397 
9 99 161 202 265 399 529 582 649 679 759 807 884 936 978 1066 1105 1173 1338 1398 
10 100 162 203 266 400 530 583 650 680 760 808 885 937 979 1067 1106 1174 1339 1399 
11 101 163 204 267 401 531 584 651 681 761 809 886 938 980 1068 1107 1175 1340 1400 
12 102 164 205 268 402 532 585 652 682 762 810 887 939 981 1069 1108 1176 1341 1401 
13 103 165 206 269 403 533 586 653 683 763 811 888 940 982 1070 1109 1177 1342 1402 
14 104 166 207 270 404 534 587 654 684 764 812 889 941 983 1071 1110 1178 1343 1403 
15 105 167 208 271 405 535 588 655 685 765 813 890 942 984 1072 1111 1179 1344 1404 
16 106 168 209 272 406 536 589 656 686 766 814 891 943 985 1073 1112 1180 1345 1405 
17 107 169 210 273 407 537 590 657 687 767 815 892 944 986 1074 1113 1181 1346 1406 
18 108 170 211 274 408 538 591 658 688 768 816 893 945 987 1075 1114 1182 1347 1407 
19 109 171 212 275 409 539 592 659 689 769 817 894 946 988 1076 1115 1183 1348 1408 
20 110 172 213 276 410 480 593 600 690 770 818 895 947 989 1077 1116 1184 1349 1409 
21 111 173 214 277 411 481 594 601 691 771 819 896 948 990 1078 1117 1185 1350 1410 
22 112 174 215 278 412 482 595 602 692 772 820 897 949 991 1079 1118 1186 1351 1411 
23 113 175 216 279 413 483 596 603 693 773 821 898 950 992 1020 1119 1187 1352 1412 
24 114 176 217 280 414 484 597 604 694 774 822 899 951 993 1021 1120 1188 1353 1413 
25 115 177 218 281 415 485 598 605 695 775 823 840 952 994 1022 1121 1189 1354 1414 
26 116 178 219 282 416 486 599 606 696 776 824 841 953 995 1023 1122 1190 1355 1415 
27 117 179 220 283 417 487 540 607 697 777 825 842 954 996 1024 1123 1191 1356 1416 
28 118 120 221 284 418 488 541 608 698 778 826 843 955 997 1025 1124 1192 1357 1417 
29 119 121 222 285 419 489 542 609 699 779 827 844 956 998 1026 1125 1193 1358 1418 
30 60 122 223 286 360 490 543 610 700 720 828 845 957 999 1027 1126 1194 1359 1419 
31 61 123 224 287 361 491 544 611 701 721 829 846 958 1000 1028 1127 1195 1360 1420 
32 62 124 225 288 362 492 545 612 702 722 830 847 959 1001 1029 1128 1196 1361 1421 
33 63 125 226 289 363 493 546 613 703 723 831 848 900 1002 1030 1129 1197 1362 1422 
34 64 126 227 290 364 494 547 614 704 724 832 849 901 1003 1031 1130 1198 1363 1423 
35 65 127 228 291 365 495 548 615 705 725 833 850 902 1004 1032 1131 1199 1364 1424 
36 66 128 229 292 366 496 549 616 706 726 834 851 903 1005 1033 1132 1140 1365 1425 
37 67 129 230 293 367 497 550 617 707 727 835 852 904 1006 1034 1133 1141 1366 1426 
38 68 130 231 294 368 498 551 618 708 728 836 853 905 1007 1035 1134 1142 1367 1427 
39 69 131 232 295 369 499 552 619 709 729 837 854 906 1008 1036 1135 1143 1368 1428 
40 70 132 233 296 370 500 553 620 710 730 838 855 907 1009 1037 1136 1144 1369 1429 
41 71 133 234 297 371 501 554 621 711 731 839 856 908 1010 1038 1137 1145 1370 1430 
42 72 134 235 298 372 502 555 622 712 732 780 857 909 1011 1039 1138 1146 1371 1431 
43 73 135 236 299 373 503 556 623 713 733 781 858 910 1012 1040 1139 1147 1372 1432 
44 74 136 237 240 374 504 557 624 714 734 782 859 911 1013 1041 1080 1148 1373 1433 
45 75 137 238 241 375 505 558 625 715 735 783 860 912 1014 1042 1081 1149 1374 1434 
46 76 138 239 242 376 506 559 626 716 736 784 861 913 1015 1043 1082 1150 1375 1435 
47 77 139 180 243 377 507 560 627 717 737 785 862 914 1016 1044 1083 1151 1376 1436 
48 78 140 181 244 378 508 561 628 718 738 786 863 915 1017 1045 1084 1152 1377 1437 
49 79 141 182 245 379 509 562 629 719 739 787 864 916 1018 1046 1085 1153 1378 1438 
50 80 142 183 246 380 510 563 630 660 740 788 865 917 1019 1047 1086 1154 1379 1439 
50 170 195 336 373 430 491 560 653 690 749 812 897 930 984 1052 1091 1146 1220 1380 
51 171 196 337 374 431 492 561 654 691 750 813 898 931 985 1053 1092 1147 1221 1381 
52 172 197 338 375 432 493 562 655 692 751 814 899 932 986 1054 1093 1148 1222 1382 
53 173 198 339 376 433 494 563 656 693 752 815 840 933 987 1055 1094 1149 1223 1383 
54 174 199 340 377 434 495 564 657 694 753 816 841 934 988 1056 1095 1150 1224 1384 
55 175 200 341 378 435 496 565 658 695 754 817 842 935 989 1057 1096 1151 1225 1385 
56 176 201 342 379 436 497 566 659 696 755 818 843 936 990 1058 1097 1152 1226 1386 
57 177 202 343 380 437 498 567 600 697 756 819 844 937 991 1059 1098 1153 1227 1387 
58 178 203 344 381 438 499 568 601 698 757 820 845 938 992 1060 1099 1154 1228 1388 
59 179 204 345 382 439 500 569 602 699 758 821 846 939 993 1061 1100 1155 1229 1389 
0 120 205 346 383 440 501 570 603 700 759 822 847 940 994 1062 1101 1156 1230 1390 
1 121 206 347 384 441 502 571 604 701 760 823 848 941 995 1063 1102 1157 1231 1391 
2 122 207 348 385 442 503 572 605 702 761 824 849 942 996 1064 1103 1158 1232 1392 
3 123 208 349 386 443 504 573 606 703 762 825 850 943 997 1065 1104 1159 1233 1393 
4 124 209 350 387 444 505 574 607 704 763 826 851 944 998 1066 1105 1160 1234 1394 
5 125 210 351 388 445 506 575 608 705 764 827 852 945 999 1067 1106 1161 1235 1395 
6 126 211 352 389 446 507 576 609 706 765 828 853 946 1000 1068 1107 1162 1236 1396 
7 127 212 353 390 447 508 577 610 707 766 829 854 947 1001 1069 1108 1163 1237 1397 
8 128 213 354 391 448 509 578 611 708 767 830 855 948 1002 1070 1109 1164 1238 1398 
9 129 214 355 392 449 510 579 612 709 768 831 856 949 1003 1071 1110 1165 1239 1399 
10 130 215 356 393 450 511 580 613 710 769 832 857 950 1004 1072 1111 1166 1240 1400 
11 131 216 357 394 451 512 581 614 711 770 833 858 951 1005 1073 1112 1167 1241 1401 
12 132 217 358 395 452 513 582 615 712 771 834 859 952 1006 1074 1113 1168 1242 1402 
13 133 218 359 396 453 514 583 616 713 772 835 860 953 1007 1075 1114 1169 1243 1403 
14 134 219 300 397 454 515 584 617 714 773 836 861 954 1008 1076 1115 1170 1244 1404 
15 135 220 301 398 455 516 585 618 715 774 837 862 955 1009 1077 1116 1171 1245 1405 
16 136 221 302 399 456 517 586 619 716 775 838 863 956 1010 1078 1117 1172 1246 1406 
17 137 222 303 400 457 518 587 620 717 776 839 864 957 1011 1079 1118 1173 1247 1407 
18 138 223 304 401 458 519 588 621 718 777 780 865 958 1012 1020 1119 1174 1248 1408 
19 139 224 305 402 459 520 589 622 719 778 781 866 959 1013 1021 1120 1175 1249 1409 
20 140 225 306 403 460 521 590 623 660 779 782 867 900 1014 1022 1121 1176 1250 1410 
21 141 226 307 404 461 522 591 624 661 720 783 868 901 1015 1023 1122 1177 1251 1411 
22 142 227 308 405 462 523 592 625 662 721 784 869 902 1016 1024 1123 1178 1252 1412 
23 143 228 309 406 463 524 593 626 663 722 785 870 903 1017 1025 1124 1179 1253 1413 
24 144 229 310 407 464 525 594 627 664 723 786 871 904 1018 1026 1125 1180 1254 1414 
25 145 230 311 408 465 526 595 628 665 724 787 872 905 1019 1027 1126 1181 1255 1415 
26 146 231 312 409 466 527 596 629 666 725 788 873 906 960 1028 1127 1182 1256 1416 
27 147 232 313 410 467 528 597 630 667 726 789 874 907 961 1029 1128 1183 1257 1417 
28 148 233 314 411 468 529 598 631 668 727 790 875 908 962 1030 1129 1184 1258 1418 
29 149 234 315 412 469 530 599 632 669 728 791 876 909 963 1031 1130 1185 1259 1419 
30 150 235 316 413 470 531 540 633 670 729 792 877 910 964 1032 1131 1186 1200 1420 
31 151 236 317 414 471 532 541 634 671 730 793 878 911 965 1033 1132 1187 1201 1421 
32 152 237 318 415 472 533 542 635 672 731 794 879 912 966 1034 1133 1188 1202 1422 
33 153 238 319 416 473 534 543 636 673 732 795 880 913 967 1035 1134 1189 1203 1423 
34 154 239 320 417 474 535 544 637 674 733 796 881 914 968 1036 1135 1190 1204 1424 
35 155 180 321 418 475 536 545 638 675 734 797 882 915 969 1037 1136 1191 1205 1425 
36 156 181 322 419 476 537 546 639 676 735 798 883 916 970 1038 1137 1192 1206 1426 
37 157 182 323 360 477 538 547 640 677 736 799 884 917 971 1039 1138 1193 1207 1427 
38 158 183 324 361 478 539 548 641 678 737 800 885 918 972 1040 1139 1194 1208 1428 
39 159 184 325 362 479 480 549 642 679 738 801 886 919 973 1041 1080 1195 1209 1429 
40 160 185 326 363 420 481 550 643 680 739 802 887 920 974 1042 1081 1196 1210 1430 
41 161 186 327 364 421 482 551 644 681 740 803 888 921 975 1043 1082 1197 1211 1431 
42 162 187 328 365 422 483 552 645 682 741 804 889 922 976 1044 1083 1198 1212 1432 
43 163 188 329 366 423 484 553 646 683 742 805 890 923 977 1045 1084 1199 1213 1433 
44 164 189 330 367 424 485 554 647 684 743 806 891 924 978 1046 1085 1140 1214 1434 
45 165 190 331 368 425 486 555 648 685 744 807 892 925 979 1047 1086 1141 1215 1435 
46 166 191 332 369 426 487 556 649 686 745 808 893 926 980 1048 1087 1142 1216 1436 
47 167 192 333 370 427 488 557 650 687 746 809 894 927 981 1049 1088 1143 1217 1437 
48 168 193 334 371 428 489 558 651 688 747 810 895 928 982 1050 1089 1144 1218 1438 
49 169 194 335 372 429 490 559 652 689 748 811 896 929 983 1051 1090 1145 1219 1439 

