1 89 183 303 324 475 532 584 662 756 786 865 901 960 1060 1108 1156 1229 1296 1344 
2 90 184 304 325 476 533 585 663 757 787 866 902 961 1061 1109 1157 1230 1297 1345 
3 91 185 305 326 477 534 586 664 758 788 867 903 962 1062 1110 1158 1231 1298 1346 
4 92 186 306 327 478 535 587 665 759 789 868 904 963 1063 1111 1159 1232 1299 1347 
5 93 187 307 328 479 536 588 666 760 790 869 905 964 1064 1112 1160 1233 1300 1348 
6 94 188 308 329 480 537 589 667 761 791 870 906 965 1065 1113 1161 1234 1301 1349 
7 95 189 309 330 481 538 590 668 762 792 871 907 966 1066 1114 1162 1235 1302 1350 
8 96 190 310 331 482 539 591 669 763 793 872 908 967 1067 1115 1163 1236 1303 1351 
9 97 191 311 332 483 540 592 670 764 794 873 909 968 1068 1116 1164 1237 1304 1352 
10 98 128 312 333 484 541 593 671 765 795 874 910 969 1069 1117 1165 1238 1305 1353 
11 99 129 313 334 485 542 594 672 766 796 875 911 970 1070 1118 1166 1239 1306 1354 
12 100 130 314 335 486 543 595 673 767 797 876 912 971 1071 1119 1167 1240 1307 1355 
13 101 131 315 336 487 544 596 674 704 798 877 913 972 1072 1120 1168 1241 1308 1356 
14 102 132 316 337 488 545 597 675 705 799 878 914 973 1073 1121 1169 1242 1309 1357 
15 103 133 317 338 489 546 598 676 706 800 879 915 974 1074 1122 1170 1243 1310 1358 
16 104 134 318 339 490 547 599 677 707 801 880 916 975 1075 1123 1171 1244 1311 1359 
17 105 135 319 340 491 548 600 678 708 802 881 917 976 1076 1124 1172 1245 1312 1360 
18 106 136 256 341 492 549 601 679 709 803 882 918 977 1077 1125 1173 1246 1313 1361 
19 107 137 257 342 493 550 602 680 710 804 883 919 978 1078 1126 1174 1247 1314 1362 
20 108 138 258 343 494 551 603 681 711 805 884 920 979 1079 1127 1175 1248 1315 1363 
21 109 139 259 344 495 552 604 682 712 806 885 921 980 1080 1128 1176 1249 1316 1364 
22 110 140 260 345 496 553 605 683 713 807 886 922 981 1081 1129 1177 1250 1317 1365 
23 111 141 261 346 497 554 606 684 714 808 887 923 982 1082 1130 1178 1251 1318 1366 
24 112 142 262 347 498 555 607 685 715 809 888 924 983 1083 1131 1179 1252 1319 1367 
25 113 143 263 348 499 556 608 686 716 810 889 925 984 1084 1132 1180 1253 1320 1368 
26 114 144 264 349 500 557 609 687 717 811 890 926 985 1085 1133 1181 1254 1321 1369 
27 115 145 265 350 501 558 610 688 718 812 891 927 986 1086 1134 1182 1255 1322 1370 
28 116 146 266 351 502 559 611 689 719 813 892 928 987 1087 1135 1183 1256 1323 1371 
29 117 147 267 352 503 560 612 690 720 814 893 929 988 1024 1136 1184 1257 1324 1372 
30 118 148 268 353 504 561 613 691 721 815 894 930 989 1025 1137 1185 1258 1325 1373 
31 119 149 269 354 505 562 614 692 722 816 895 931 990 1026 1138 1186 1259 1326 1374 
32 120 150 270 355 506 563 615 693 723 817 832 932 991 1027 1139 1187 1260 1327 1375 
33 121 151 271 356 507 564 616 694 724 818 833 933 992 1028 1140 1188 1261 1328 1376 
34 122 152 272 357 508 565 617 695 725 819 834 934 993 1029 1141 1189 1262 1329 1377 
35 123 153 273 358 509 566 618 696 726 820 835 935 994 1030 1142 1190 1263 1330 1378 
36 124 154 274 359 510 567 619 697 727 821 836 936 995 1031 1143 1191 1264 1331 1379 
37 125 155 275 360 511 568 620 698 728 822 837 937 996 1032 1144 1192 1265 1332 1380 
38 126 156 276 361 448 569 621 699 729 823 838 938 997 1033 1145 1193 1266 1333 1381 
39 127 157 277 362 449 570 622 700 730 824 839 939 998 1034 1146 1194 1267 1334 1382 
40 64 158 278 363 450 571 623 701 731 825 840 940 999 1035 1147 1195 1268 1335 1383 
41 65 159 279 364 451 572 624 702 732 826 841 941 1000 1036 1148 1196 1269 1336 1384 
42 66 160 280 365 452 573 625 703 733 827 842 942 1001 1037 1149 1197 1270 1337 1385 
43 67 161 281 366 453 574 626 640 734 828 843 943 1002 1038 1150 1198 1271 1338 1386 
44 68 162 282 367 454 575 627 641 735 829 844 944 1003 1039 1151 1199 1272 1339 1387 
45 69 163 283 368 455 512 628 642 736 830 845 945 1004 1040 1088 1200 1273 1340 1388 
46 70 164 284 369 456 513 629 643 737 831 846 946 1005 1041 1089 1201 1274 1341 1389 
47 71 165 285 370 457 514 630 644 738 768 847 947 1006 1042 1090 1202 1275 1342 1390 
48 72 166 286 371 458 515 631 645 739 769 848 948 1007 1043 1091 1203 1276 1343 1391 
49 73 167 287 372 459 516 632 646 740 770 849 949 1008 1044 1092 1204 1277 1280 1392 
50 74 168 288 373 460 517 633 647 741 771 850 950 1009 1045 1093 1205 1278 1281 1393 
51 75 169 289 374 461 518 634 648 742 772 851 951 1010 1046 1094 1206 1279 1282 1394 
52 76 170 290 375 462 519 635 649 743 773 852 952 1011 1047 1095 1207 1216 1283 1395 
53 77 171 291 376 463 520 636 650 744 774 853 953 1012 1048 1096 1208 1217 1284 1396 
54 78 172 292 377 464 521 637 651 745 775 854 954 1013 1049 1097 1209 1218 1285 1397 
55 79 173 293 378 465 522 638 652 746 776 855 955 1014 1050 1098 1210 1219 1286 1398 
56 80 174 294 379 466 523 639 653 747 777 856 956 1015 1051 1099 1211 1220 1287 1399 
57 81 175 295 380 467 524 576 654 748 778 857 957 1016 1052 1100 1212 1221 1288 1400 
58 82 176 296 381 468 525 577 655 749 779 858 958 1017 1053 1101 1213 1222 1289 1401 
59 83 177 297 382 469 526 578 656 750 780 859 959 1018 1054 1102 1214 1223 1290 1402 
60 84 178 298 383 470 527 579 657 751 781 860 896 1019 1055 1103 1215 1224 1291 1403 
61 85 179 299 320 471 528 580 658 752 782 861 897 1020 1056 1104 1152 1225 1292 1404 
62 86 180 300 321 472 529 581 659 753 783 862 898 1021 1057 1105 1153 1226 1293 1405 
63 87 181 301 322 473 530 582 660 754 784 863 899 1022 1058 1106 1154 1227 1294 1406 
0 88 182 302 323 474 531 583 661 755 785 864 900 1023 1059 1107 1155 1228 1295 1407 
70 228 296 367 396 463 559 681 725 780 839 910 968 1024 1132 1201 1216 1280 1344 1408 
71 229 297 368 397 464 560 682 726 781 840 911 969 1025 1133 1202 1217 1281 1345 1409 
72 230 298 369 398 465 561 683 727 782 841 912 970 1026 1134 1203 1218 1282 1346 1410 
73 231 299 370 399 466 562 684 728 783 842 913 971 1027 1135 1204 1219 1283 1347 1411 
74 232 300 371 400 467 563 685 729 784 843 914 972 1028 1136 1205 1220 1284 1348 1412 
75 233 301 372 401 468 564 686 730 785 844 915 973 1029 1137 1206 1221 1285 1349 1413 
76 234 302 373 402 469 565 687 731 786 845 916 974 1030 1138 1207 1222 1286 1350 1414 
77 235 303 374 403 470 566 688 732 787 846 917 975 1031 1139 1208 1223 1287 1351 1415 
78 236 304 375 404 471 567 689 733 788 847 918 976 1032 1140 1209 1224 1288 1352 1416 
79 237 305 376 405 472 568 690 734 789 848 919 977 1033 1141 1210 1225 1289 1353 1417 
80 238 306 377 406 473 569 691 735 790 849 920 978 1034 1142 1211 1226 1290 1354 1418 
81 239 307 378 407 474 570 692 736 791 850 921 979 1035 1143 1212 1227 1291 1355 1419 
82 240 308 379 408 475 571 693 737 792 851 922 980 1036 1144 1213 1228 1292 1356 1420 
83 241 309 380 409 476 572 694 738 793 852 923 981 1037 1145 1214 1229 1293 1357 1421 
84 242 310 381 410 477 573 695 739 794 853 924 982 1038 1146 1215 1230 1294 1358 1422 
85 243 311 382 411 478 574 696 740 795 854 925 983 1039 1147 1152 1231 1295 1359 1423 
86 244 312 383 412 479 575 697 741 796 855 926 984 1040 1148 1153 1232 1296 1360 1424 
87 245 313 320 413 480 512 698 742 797 856 927 985 1041 1149 1154 1233 1297 1361 1425 
88 246 314 321 414 481 513 699 743 798 857 928 986 1042 1150 1155 1234 1298 1362 1426 
89 247 315 322 415 482 514 700 744 799 858 929 987 1043 1151 1156 1235 1299 1363 1427 
90 248 316 323 416 483 515 701 745 800 859 930 988 1044 1088 1157 1236 1300 1364 1428 
91 249 317 324 417 484 516 702 746 801 860 931 989 1045 1089 1158 1237 1301 1365 1429 
92 250 318 325 418 485 517 703 747 802 861 932 990 1046 1090 1159 1238 1302 1366 1430 
93 251 319 326 419 486 518 640 748 803 862 933 991 1047 1091 1160 1239 1303 1367 1431 
94 252 256 327 420 487 519 641 749 804 863 934 992 1048 1092 1161 1240 1304 1368 1432 
95 253 257 328 421 488 520 642 750 805 864 935 993 1049 1093 1162 1241 1305 1369 1433 
96 254 258 329 422 489 521 643 751 806 865 936 994 1050 1094 1163 1242 1306 1370 1434 
97 255 259 330 423 490 522 644 752 807 866 937 995 1051 1095 1164 1243 1307 1371 1435 
98 192 260 331 424 491 523 645 753 808 867 938 996 1052 1096 1165 1244 1308 1372 1436 
99 193 261 332 425 492 524 646 754 809 868 939 997 1053 1097 1166 1245 1309 1373 1437 
100 194 262 333 426 493 525 647 755 810 869 940 998 1054 1098 1167 1246 1310 1374 1438 
101 195 263 334 427 494 526 648 756 811 870 941 999 1055 1099 1168 1247 1311 1375 1439 
102 196 264 335 428 495 527 649 757 812 871 942 1000 1056 1100 1169 1248 1312 1376 1440 
103 197 265 336 429 496 528 650 758 813 872 943 1001 1057 1101 1170 1249 1313 1377 1441 
104 198 266 337 430 497 529 651 759 814 873 944 1002 1058 1102 1171 1250 1314 1378 1442 
105 199 267 338 431 498 530 652 760 815 874 945 1003 1059 1103 1172 1251 1315 1379 1443 
106 200 268 339 432 499 531 653 761 816 875 946 1004 1060 1104 1173 1252 1316 1380 1444 
107 201 269 340 433 500 532 654 762 817 876 947 1005 1061 1105 1174 1253 1317 1381 1445 
108 202 270 341 434 501 533 655 763 818 877 948 1006 1062 1106 1175 1254 1318 1382 1446 
109 203 271 342 435 502 534 656 764 819 878 949 1007 1063 1107 1176 1255 1319 1383 1447 
110 204 272 343 436 503 535 657 765 820 879 950 1008 1064 1108 1177 1256 1320 1384 1448 
111 205 273 344 437 504 536 658 766 821 880 951 1009 1065 1109 1178 1257 1321 1385 1449 
112 206 274 345 438 505 537 659 767 822 881 952 1010 1066 1110 1179 1258 1322 1386 1450 
113 207 275 346 439 506 538 660 704 823 882 953 1011 1067 1111 1180 1259 1323 1387 1451 
114 208 276 347 440 507 539 661 705 824 883 954 1012 1068 1112 1181 1260 1324 1388 1452 
115 209 277 348 441 508 540 662 706 825 884 955 1013 1069 1113 1182 1261 1325 1389 1453 
116 210 278 349 442 509 541 663 707 826 885 956 1014 1070 1114 1183 1262 1326 1390 1454 
117 211 279 350 443 510 542 664 708 827 886 957 1015 1071 1115 1184 1263 1327 1391 1455 
118 212 280 351 444 511 543 665 709 828 887 958 1016 1072 1116 1185 1264 1328 1392 1456 
119 213 281 352 445 448 544 666 710 829 888 959 1017 1073 1117 1186 1265 1329 1393 1457 
120 214 282 353 446 449 545 667 711 830 889 896 1018 1074 1118 1187 1266 1330 1394 1458 
121 215 283 354 447 450 546 668 712 831 890 897 1019 1075 1119 1188 1267 1331 1395 1459 
122 216 284 355 384 451 547 669 713 768 891 898 1020 1076 1120 1189 1268 1332 1396 1460 
123 217 285 356 385 452 548 670 714 769 892 899 1021 1077 1121 1190 1269 1333 1397 1461 
124 218 286 357 386 453 549 671 715 770 893 900 1022 1078 1122 1191 1270 1334 1398 1462 
125 219 287 358 387 454 550 672 716 771 894 901 1023 1079 1123 1192 1271 1335 1399 1463 
126 220 288 359 388 455 551 673 717 772 895 902 960 1080 1124 1193 1272 1336 1400 1464 
127 221 289 360 389 456 552 674 718 773 832 903 961 1081 1125 1194 1273 1337 1401 1465 
64 222 290 361 390 457 553 675 719 774 833 904 962 1082 1126 1195 1274 1338 1402 1466 
65 223 291 362 391 458 554 676 720 775 834 905 963 1083 1127 1196 1275 1339 1403 1467 
66 224 292 363 392 459 555 677 721 776 835 906 964 1084 1128 1197 1276 1340 1404 1468 
67 225 293 364 393 460 556 678 722 777 836 907 965 1085 1129 1198 1277 1341 1405 1469 
68 226 294 365 394 461 557 679 723 778 837 908 966 1086 1130 1199 1278 1342 1406 1470 
69 227 295 366 395 462 558 680 724 779 838 909 967 1087 1131 1200 1279 1343 1407 1471 
51 81 147 196 259 405 543 600 667 765 785 841 918 974 1084 1112 1155 1231 1408 1472 
52 82 148 197 260 406 544 601 668 766 786 842 919 975 1085 1113 1156 1232 1409 1473 
53 83 149 198 261 407 545 602 669 767 787 843 920 976 1086 1114 1157 1233 1410 1474 
54 84 150 199 262 408 546 603 670 704 788 844 921 977 1087 1115 1158 1234 1411 1475 
55 85 151 200 263 409 547 604 671 705 789 845 922 978 1024 1116 1159 1235 1412 1476 
56 86 152 201 264 410 548 605 672 706 790 846 923 979 1025 1117 1160 1236 1413 1477 
57 87 153 202 265 411 549 606 673 707 791 847 924 980 1026 1118 1161 1237 1414 1478 
58 88 154 203 266 412 550 607 674 708 792 848 925 981 1027 1119 1162 1238 1415 1479 
59 89 155 204 267 413 551 608 675 709 793 849 926 982 1028 1120 1163 1239 1416 1480 
60 90 156 205 268 414 552 609 676 710 794 850 927 983 1029 1121 1164 1240 1417 1481 
61 91 157 206 269 415 553 610 677 711 795 851 928 984 1030 1122 1165 1241 1418 1482 
62 92 158 207 270 416 554 611 678 712 796 852 929 985 1031 1123 1166 1242 1419 1483 
63 93 159 208 271 417 555 612 679 713 797 853 930 986 1032 1124 1167 1243 1420 1484 
0 94 160 209 272 418 556 613 680 714 798 854 931 987 1033 1125 1168 1244 1421 1485 
1 95 161 210 273 419 557 614 681 715 799 855 932 988 1034 1126 1169 1245 1422 1486 
2 96 162 211 274 420 558 615 682 716 800 856 933 989 1035 1127 1170 1246 1423 1487 
3 97 163 212 275 421 559 616 683 717 801 857 934 990 1036 1128 1171 1247 1424 1488 
4 98 164 213 276 422 560 617 684 718 802 858 935 991 1037 1129 1172 1248 1425 1489 
5 99 165 214 277 423 561 618 685 719 803 859 936 992 1038 1130 1173 1249 1426 1490 
6 100 166 215 278 424 562 619 686 720 804 860 937 993 1039 1131 1174 1250 1427 1491 
7 101 167 216 279 425 563 620 687 721 805 861 938 994 1040 1132 1175 1251 1428 1492 
8 102 168 217 280 426 564 621 688 722 806 862 939 995 1041 1133 1176 1252 1429 1493 
9 103 169 218 281 427 565 622 689 723 807 863 940 996 1042 1134 1177 1253 1430 1494 
10 104 170 219 282 428 566 623 690 724 808 864 941 997 1043 1135 1178 1254 1431 1495 
11 105 171 220 283 429 567 624 691 725 809 865 942 998 1044 1136 1179 1255 1432 1496 
12 106 172 221 284 430 568 625 692 726 810 866 943 999 1045 1137 1180 1256 1433 1497 
13 107 173 222 285 431 569 626 693 727 811 867 944 1000 1046 1138 1181 1257 1434 1498 
14 108 174 223 286 432 570 627 694 728 812 868 945 1001 1047 1139 1182 1258 1435 1499 
15 109 175 224 287 433 571 628 695 729 813 869 946 1002 1048 1140 1183 1259 1436 1500 
16 110 176 225 288 434 572 629 696 730 814 870 947 1003 1049 1141 1184 1260 1437 1501 
17 111 177 226 289 435 573 630 697 731 815 871 948 1004 1050 1142 1185 1261 1438 1502 
18 112 178 227 290 436 574 631 698 732 816 872 949 1005 1051 1143 1186 1262 1439 1503 
19 113 179 228 291 437 575 632 699 733 817 873 950 1006 1052 1144 1187 1263 1440 1504 
20 114 180 229 292 438 512 633 700 734 818 874 951 1007 1053 1145 1188 1264 1441 1505 
21 115 181 230 293 439 513 634 701 735 819 875 952 1008 1054 1146 1189 1265 1442 1506 
22 116 182 231 294 440 514 635 702 736 820 876 953 1009 1055 1147 1190 1266 1443 1507 
23 117 183 232 295 441 515 636 703 737 821 877 954 1010 1056 1148 1191 1267 1444 1508 
24 118 184 233 296 442 516 637 640 738 822 878 955 1011 1057 1149 1192 1268 1445 1509 
25 119 185 234 297 443 517 638 641 739 823 879 956 1012 1058 1150 1193 1269 1446 1510 
26 120 186 235 298 444 518 639 642 740 824 880 957 1013 1059 1151 1194 1270 1447 1511 
27 121 187 236 299 445 519 576 643 741 825 881 958 1014 1060 1088 1195 1271 1448 1512 
28 122 188 237 300 446 520 577 644 742 826 882 959 1015 1061 1089 1196 1272 1449 1513 
29 123 189 238 301 447 521 578 645 743 827 883 896 1016 1062 1090 1197 1273 1450 1514 
30 124 190 239 302 384 522 579 646 744 828 884 897 1017 1063 1091 1198 1274 1451 1515 
31 125 191 240 303 385 523 580 647 745 829 885 898 1018 1064 1092 1199 1275 1452 1516 
32 126 128 241 304 386 524 581 648 746 830 886 899 1019 1065 1093 1200 1276 1453 1517 
33 127 129 242 305 387 525 582 649 747 831 887 900 1020 1066 1094 1201 1277 1454 1518 
34 64 130 243 306 388 526 583 650 748 768 888 901 1021 1067 1095 1202 1278 1455 1519 
35 65 131 244 307 389 527 584 651 749 769 889 902 1022 1068 1096 1203 1279 1456 1520 
36 66 132 245 308 390 528 585 652 750 770 890 903 1023 1069 1097 1204 1216 1457 1521 
37 67 133 246 309 391 529 586 653 751 771 891 904 960 1070 1098 1205 1217 1458 1522 
38 68 134 247 310 392 530 587 654 752 772 892 905 961 1071 1099 1206 1218 1459 1523 
39 69 135 248 311 393 531 588 655 753 773 893 906 962 1072 1100 1207 1219 1460 1524 
40 70 136 249 312 394 532 589 656 754 774 894 907 963 1073 1101 1208 1220 1461 1525 
41 71 137 250 313 395 533 590 657 755 775 895 908 964 1074 1102 1209 1221 1462 1526 
42 72 138 251 314 396 534 591 658 756 776 832 909 965 1075 1103 1210 1222 1463 1527 
43 73 139 252 315 397 535 592 659 757 777 833 910 966 1076 1104 1211 1223 1464 1528 
44 74 140 253 316 398 536 593 660 758 778 834 911 967 1077 1105 1212 1224 1465 1529 
45 75 141 254 317 399 537 594 661 759 779 835 912 968 1078 1106 1213 1225 1466 1530 
46 76 142 255 318 400 538 595 662 760 780 836 913 969 1079 1107 1214 1226 1467 1531 
47 77 143 192 319 401 539 596 663 761 781 837 914 970 1080 1108 1215 1227 1468 1532 
48 78 144 193 256 402 540 597 664 762 782 838 915 971 1081 1109 1152 1228 1469 1533 
49 79 145 194 257 403 541 598 665 763 783 839 916 972 1082 1110 1153 1229 1470 1534 
50 80 146 195 258 404 542 599 666 764 784 840 917 973 1083 1111 1154 1230 1471 1535 
50 178 207 356 397 458 523 596 693 730 797 860 953 990 1044 1116 1163 1218 1296 1472 
51 179 208 357 398 459 524 597 694 731 798 861 954 991 1045 1117 1164 1219 1297 1473 
52 180 209 358 399 460 525 598 695 732 799 862 955 992 1046 1118 1165 1220 1298 1474 
53 181 210 359 400 461 526 599 696 733 800 863 956 993 1047 1119 1166 1221 1299 1475 
54 182 211 360 401 462 527 600 697 734 801 864 957 994 1048 1120 1167 1222 1300 1476 
55 183 212 361 402 463 528 601 698 735 802 865 958 995 1049 1121 1168 1223 1301 1477 
56 184 213 362 403 464 529 602 699 736 803 866 959 996 1050 1122 1169 1224 1302 1478 
57 185 214 363 404 465 530 603 700 737 804 867 896 997 1051 1123 1170 1225 1303 1479 
58 186 215 364 405 466 531 604 701 738 805 868 897 998 1052 1124 1171 1226 1304 1480 
59 187 216 365 406 467 532 605 702 739 806 869 898 999 1053 1125 1172 1227 1305 1481 
60 188 217 366 407 468 533 606 703 740 807 870 899 1000 1054 1126 1173 1228 1306 1482 
61 189 218 367 408 469 534 607 640 741 808 871 900 1001 1055 1127 1174 1229 1307 1483 
62 190 219 368 409 470 535 608 641 742 809 872 901 1002 1056 1128 1175 1230 1308 1484 
63 191 220 369 410 471 536 609 642 743 810 873 902 1003 1057 1129 1176 1231 1309 1485 
0 128 221 370 411 472 537 610 643 744 811 874 903 1004 1058 1130 1177 1232 1310 1486 
1 129 222 371 412 473 538 611 644 745 812 875 904 1005 1059 1131 1178 1233 1311 1487 
2 130 223 372 413 474 539 612 645 746 813 876 905 1006 1060 1132 1179 1234 1312 1488 
3 131 224 373 414 475 540 613 646 747 814 877 906 1007 1061 1133 1180 1235 1313 1489 
4 132 225 374 415 476 541 614 647 748 815 878 907 1008 1062 1134 1181 1236 1314 1490 
5 133 226 375 416 477 542 615 648 749 816 879 908 1009 1063 1135 1182 1237 1315 1491 
6 134 227 376 417 478 543 616 649 750 817 880 909 1010 1064 1136 1183 1238 1316 1492 
7 135 228 377 418 479 544 617 650 751 818 881 910 1011 1065 1137 1184 1239 1317 1493 
8 136 229 378 419 480 545 618 651 752 819 882 911 1012 1066 1138 1185 1240 1318 1494 
9 137 230 379 420 481 546 619 652 753 820 883 912 1013 1067 1139 1186 1241 1319 1495 
10 138 231 380 421 482 547 620 653 754 821 884 913 1014 1068 1140 1187 1242 1320 1496 
11 139 232 381 422 483 548 621 654 755 822 885 914 1015 1069 1141 1188 1243 1321 1497 
12 140 233 382 423 484 549 622 655 756 823 886 915 1016 1070 1142 1189 1244 1322 1498 
13 141 234 383 424 485 550 623 656 757 824 887 916 1017 1071 1143 1190 1245 1323 1499 
14 142 235 320 425 486 551 624 657 758 825 888 917 1018 1072 1144 1191 1246 1324 1500 
15 143 236 321 426 487 552 625 658 759 826 889 918 1019 1073 1145 1192 1247 1325 1501 
16 144 237 322 427 488 553 626 659 760 827 890 919 1020 1074 1146 1193 1248 1326 1502 
17 145 238 323 428 489 554 627 660 761 828 891 920 1021 1075 1147 1194 1249 1327 1503 
18 146 239 324 429 490 555 628 661 762 829 892 921 1022 1076 1148 1195 1250 1328 1504 
19 147 240 325 430 491 556 629 662 763 830 893 922 1023 1077 1149 1196 1251 1329 1505 
20 148 241 326 431 492 557 630 663 764 831 894 923 960 1078 1150 1197 1252 1330 1506 
21 149 242 327 432 493 558 631 664 765 768 895 924 961 1079 1151 1198 1253 1331 1507 
22 150 243 328 433 494 559 632 665 766 769 832 925 962 1080 1088 1199 1254 1332 1508 
23 151 244 329 434 495 560 633 666 767 770 833 926 963 1081 1089 1200 1255 1333 1509 
24 152 245 330 435 496 561 634 667 704 771 834 927 964 1082 1090 1201 1256 1334 1510 
25 153 246 331 436 497 562 635 668 705 772 835 928 965 1083 1091 1202 1257 1335 1511 
26 154 247 332 437 498 563 636 669 706 773 836 929 966 1084 1092 1203 1258 1336 1512 
27 155 248 333 438 499 564 637 670 707 774 837 930 967 1085 1093 1204 1259 1337 1513 
28 156 249 334 439 500 565 638 671 708 775 838 931 968 1086 1094 1205 1260 1338 1514 
29 157 250 335 440 501 566 639 672 709 776 839 932 969 1087 1095 1206 1261 1339 1515 
30 158 251 336 441 502 567 576 673 710 777 840 933 970 1024 1096 1207 1262 1340 1516 
31 159 252 337 442 503 568 577 674 711 778 841 934 971 1025 1097 1208 1263 1341 1517 
32 160 253 338 443 504 569 578 675 712 779 842 935 972 1026 1098 1209 1264 1342 1518 
33 161 254 339 444 505 570 579 676 713 780 843 936 973 1027 1099 1210 1265 1343 1519 
34 162 255 340 445 506 571 580 677 714 781 844 937 974 1028 1100 1211 1266 1280 1520 
35 163 192 341 446 507 572 581 678 715 782 845 938 975 1029 1101 1212 1267 1281 1521 
36 164 193 342 447 508 573 582 679 716 783 846 939 976 1030 1102 1213 1268 1282 1522 
37 165 194 343 384 509 574 583 680 717 784 847 940 977 1031 1103 1214 1269 1283 1523 
38 166 195 344 385 510 575 584 681 718 785 848 941 978 1032 1104 1215 1270 1284 1524 
39 167 196 345 386 511 512 585 682 719 786 849 942 979 1033 1105 1152 1271 1285 1525 
40 168 197 346 387 448 513 586 683 720 787 850 943 980 1034 1106 1153 1272 1286 1526 
41 169 198 347 388 449 514 587 684 721 788 851 944 981 1035 1107 1154 1273 1287 1527 
42 170 199 348 389 450 515 588 685 722 789 852 945 982 1036 1108 1155 1274 1288 1528 
43 171 200 349 390 451 516 589 686 723 790 853 946 983 1037 1109 1156 1275 1289 1529 
44 172 201 350 391 452 517 590 687 724 791 854 947 984 1038 1110 1157 1276 1290 1530 
45 173 202 351 392 453 518 591 688 725 792 855 948 985 1039 1111 1158 1277 1291 1531 
46 174 203 352 393 454 519 592 689 726 793 856 949 986 1040 1112 1159 1278 1292 1532 
47 175 204 353 394 455 520 593 690 727 794 857 950 987 1041 1113 1160 1279 1293 1533 
48 176 205 354 395 456 521 594 691 728 795 858 951 988 1042 1114 1161 1216 1294 1534 
49 177 206 355 396 457 522 595 692 729 796 859 952 989 1043 1115 1162 1217 1295 1535 

