94 137 567 595 775 832 
95 138 568 596 776 833 
96 139 569 597 777 834 
97 140 570 598 778 835 
98 141 571 599 779 836 
99 142 572 600 780 837 
100 143 573 601 781 838 
101 144 574 602 782 839 
102 145 575 603 783 840 
103 146 512 604 784 841 
104 147 513 605 785 842 
105 148 514 606 786 843 
106 149 515 607 787 844 
107 150 516 608 788 845 
108 151 517 609 789 846 
109 152 518 610 790 847 
110 153 519 611 791 848 
111 154 520 612 792 849 
112 155 521 613 793 850 
113 156 522 614 794 851 
114 157 523 615 795 852 
115 158 524 616 796 853 
116 159 525 617 797 854 
117 160 526 618 798 855 
118 161 527 619 799 856 
119 162 528 620 800 857 
120 163 529 621 801 858 
121 164 530 622 802 859 
122 165 531 623 803 860 
123 166 532 624 804 861 
124 167 533 625 805 862 
125 168 534 626 806 863 
126 169 535 627 807 864 
127 170 536 628 808 865 
64 171 537 629 809 866 
65 172 538 630 810 867 
66 173 539 631 811 868 
67 174 540 632 812 869 
68 175 541 633 813 870 
69 176 542 634 814 871 
70 177 543 635 815 872 
71 178 544 636 816 873 
72 179 545 637 817 874 
73 180 546 638 818 875 
74 181 547 639 819 876 
75 182 548 576 820 877 
76 183 549 577 821 878 
77 184 550 578 822 879 
78 185 551 579 823 880 
79 186 552 580 824 881 
80 187 553 581 825 882 
81 188 554 582 826 883 
82 189 555 583 827 884 
83 190 556 584 828 885 
84 191 557 585 829 886 
85 128 558 586 830 887 
86 129 559 587 831 888 
87 130 560 588 768 889 
88 131 561 589 769 890 
89 132 562 590 770 891 
90 133 563 591 771 892 
91 134 564 592 772 893 
92 135 565 593 773 894 
93 136 566 594 774 895 
61 175 513 601 960 1024 
62 176 514 602 961 1025 
63 177 515 603 962 1026 
0 178 516 604 963 1027 
1 179 517 605 964 1028 
2 180 518 606 965 1029 
3 181 519 607 966 1030 
4 182 520 608 967 1031 
5 183 521 609 968 1032 
6 184 522 610 969 1033 
7 185 523 611 970 1034 
8 186 524 612 971 1035 
9 187 525 613 972 1036 
10 188 526 614 973 1037 
11 189 527 615 974 1038 
12 190 528 616 975 1039 
13 191 529 617 976 1040 
14 128 530 618 977 1041 
15 129 531 619 978 1042 
16 130 532 620 979 1043 
17 131 533 621 980 1044 
18 132 534 622 981 1045 
19 133 535 623 982 1046 
20 134 536 624 983 1047 
21 135 537 625 984 1048 
22 136 538 626 985 1049 
23 137 539 627 986 1050 
24 138 540 628 987 1051 
25 139 541 629 988 1052 
26 140 542 630 989 1053 
27 141 543 631 990 1054 
28 142 544 632 991 1055 
29 143 545 633 992 1056 
30 144 546 634 993 1057 
31 145 547 635 994 1058 
32 146 548 636 995 1059 
33 147 549 637 996 1060 
34 148 550 638 997 1061 
35 149 551 639 998 1062 
36 150 552 576 999 1063 
37 151 553 577 1000 1064 
38 152 554 578 1001 1065 
39 153 555 579 1002 1066 
40 154 556 580 1003 1067 
41 155 557 581 1004 1068 
42 156 558 582 1005 1069 
43 157 559 583 1006 1070 
44 158 560 584 1007 1071 
45 159 561 585 1008 1072 
46 160 562 586 1009 1073 
47 161 563 587 1010 1074 
48 162 564 588 1011 1075 
49 163 565 589 1012 1076 
50 164 566 590 1013 1077 
51 165 567 591 1014 1078 
52 166 568 592 1015 1079 
53 167 569 593 1016 1080 
54 168 570 594 1017 1081 
55 169 571 595 1018 1082 
56 170 572 596 1019 1083 
57 171 573 597 1020 1084 
58 172 574 598 1021 1085 
59 173 575 599 1022 1086 
60 174 512 600 1023 1087 
167 404 617 648 1024 1088 
168 405 618 649 1025 1089 
169 406 619 650 1026 1090 
170 407 620 651 1027 1091 
171 408 621 652 1028 1092 
172 409 622 653 1029 1093 
173 410 623 654 1030 1094 
174 411 624 655 1031 1095 
175 412 625 656 1032 1096 
176 413 626 657 1033 1097 
177 414 627 658 1034 1098 
178 415 628 659 1035 1099 
179 416 629 660 1036 1100 
180 417 630 661 1037 1101 
181 418 631 662 1038 1102 
182 419 632 663 1039 1103 
183 420 633 664 1040 1104 
184 421 634 665 1041 1105 
185 422 635 666 1042 1106 
186 423 636 667 1043 1107 
187 424 637 668 1044 1108 
188 425 638 669 1045 1109 
189 426 639 670 1046 1110 
190 427 576 671 1047 1111 
191 428 577 672 1048 1112 
128 429 578 673 1049 1113 
129 430 579 674 1050 1114 
130 431 580 675 1051 1115 
131 432 581 676 1052 1116 
132 433 582 677 1053 1117 
133 434 583 678 1054 1118 
134 435 584 679 1055 1119 
135 436 585 680 1056 1120 
136 437 586 681 1057 1121 
137 438 587 682 1058 1122 
138 439 588 683 1059 1123 
139 440 589 684 1060 1124 
140 441 590 685 1061 1125 
141 442 591 686 1062 1126 
142 443 592 687 1063 1127 
143 444 593 688 1064 1128 
144 445 594 689 1065 1129 
145 446 595 690 1066 1130 
146 447 596 691 1067 1131 
147 384 597 692 1068 1132 
148 385 598 693 1069 1133 
149 386 599 694 1070 1134 
150 387 600 695 1071 1135 
151 388 601 696 1072 1136 
152 389 602 697 1073 1137 
153 390 603 698 1074 1138 
154 391 604 699 1075 1139 
155 392 605 700 1076 1140 
156 393 606 701 1077 1141 
157 394 607 702 1078 1142 
158 395 608 703 1079 1143 
159 396 609 640 1080 1144 
160 397 610 641 1081 1145 
161 398 611 642 1082 1146 
162 399 612 643 1083 1147 
163 400 613 644 1084 1148 
164 401 614 645 1085 1149 
165 402 615 646 1086 1150 
166 403 616 647 1087 1151 
159 245 590 658 1152 1216 
160 246 591 659 1153 1217 
161 247 592 660 1154 1218 
162 248 593 661 1155 1219 
163 249 594 662 1156 1220 
164 250 595 663 1157 1221 
165 251 596 664 1158 1222 
166 252 597 665 1159 1223 
167 253 598 666 1160 1224 
168 254 599 667 1161 1225 
169 255 600 668 1162 1226 
170 192 601 669 1163 1227 
171 193 602 670 1164 1228 
172 194 603 671 1165 1229 
173 195 604 672 1166 1230 
174 196 605 673 1167 1231 
175 197 606 674 1168 1232 
176 198 607 675 1169 1233 
177 199 608 676 1170 1234 
178 200 609 677 1171 1235 
179 201 610 678 1172 1236 
180 202 611 679 1173 1237 
181 203 612 680 1174 1238 
182 204 613 681 1175 1239 
183 205 614 682 1176 1240 
184 206 615 683 1177 1241 
185 207 616 684 1178 1242 
186 208 617 685 1179 1243 
187 209 618 686 1180 1244 
188 210 619 687 1181 1245 
189 211 620 688 1182 1246 
190 212 621 689 1183 1247 
191 213 622 690 1184 1248 
128 214 623 691 1185 1249 
129 215 624 692 1186 1250 
130 216 625 693 1187 1251 
131 217 626 694 1188 1252 
132 218 627 695 1189 1253 
133 219 628 696 1190 1254 
134 220 629 697 1191 1255 
135 221 630 698 1192 1256 
136 222 631 699 1193 1257 
137 223 632 700 1194 1258 
138 224 633 701 1195 1259 
139 225 634 702 1196 1260 
140 226 635 703 1197 1261 
141 227 636 640 1198 1262 
142 228 637 641 1199 1263 
143 229 638 642 1200 1264 
144 230 639 643 1201 1265 
145 231 576 644 1202 1266 
146 232 577 645 1203 1267 
147 233 578 646 1204 1268 
148 234 579 647 1205 1269 
149 235 580 648 1206 1270 
150 236 581 649 1207 1271 
151 237 582 650 1208 1272 
152 238 583 651 1209 1273 
153 239 584 652 1210 1274 
154 240 585 653 1211 1275 
155 241 586 654 1212 1276 
156 242 587 655 1213 1277 
157 243 588 656 1214 1278 
158 244 589 657 1215 1279 
75 137 386 623 1216 1280 
76 138 387 624 1217 1281 
77 139 388 625 1218 1282 
78 140 389 626 1219 1283 
79 141 390 627 1220 1284 
80 142 391 628 1221 1285 
81 143 392 629 1222 1286 
82 144 393 630 1223 1287 
83 145 394 631 1224 1288 
84 146 395 632 1225 1289 
85 147 396 633 1226 1290 
86 148 397 634 1227 1291 
87 149 398 635 1228 1292 
88 150 399 636 1229 1293 
89 151 400 637 1230 1294 
90 152 401 638 1231 1295 
91 153 402 639 1232 1296 
92 154 403 576 1233 1297 
93 155 404 577 1234 1298 
94 156 405 578 1235 1299 
95 157 406 579 1236 1300 
96 158 407 580 1237 1301 
97 159 408 581 1238 1302 
98 160 409 582 1239 1303 
99 161 410 583 1240 1304 
100 162 411 584 1241 1305 
101 163 412 585 1242 1306 
102 164 413 586 1243 1307 
103 165 414 587 1244 1308 
104 166 415 588 1245 1309 
105 167 416 589 1246 1310 
106 168 417 590 1247 1311 
107 169 418 591 1248 1312 
108 170 419 592 1249 1313 
109 171 420 593 1250 1314 
110 172 421 594 1251 1315 
111 173 422 595 1252 1316 
112 174 423 596 1253 1317 
113 175 424 597 1254 1318 
114 176 425 598 1255 1319 
115 177 426 599 1256 1320 
116 178 427 600 1257 1321 
117 179 428 601 1258 1322 
118 180 429 602 1259 1323 
119 181 430 603 1260 1324 
120 182 431 604 1261 1325 
121 183 432 605 1262 1326 
122 184 433 606 1263 1327 
123 185 434 607 1264 1328 
124 186 435 608 1265 1329 
125 187 436 609 1266 1330 
126 188 437 610 1267 1331 
127 189 438 611 1268 1332 
64 190 439 612 1269 1333 
65 191 440 613 1270 1334 
66 128 441 614 1271 1335 
67 129 442 615 1272 1336 
68 130 443 616 1273 1337 
69 131 444 617 1274 1338 
70 132 445 618 1275 1339 
71 133 446 619 1276 1340 
72 134 447 620 1277 1341 
73 135 384 621 1278 1342 
74 136 385 622 1279 1343 
350 507 646 712 1344 1408 
351 508 647 713 1345 1409 
352 509 648 714 1346 1410 
353 510 649 715 1347 1411 
354 511 650 716 1348 1412 
355 448 651 717 1349 1413 
356 449 652 718 1350 1414 
357 450 653 719 1351 1415 
358 451 654 720 1352 1416 
359 452 655 721 1353 1417 
360 453 656 722 1354 1418 
361 454 657 723 1355 1419 
362 455 658 724 1356 1420 
363 456 659 725 1357 1421 
364 457 660 726 1358 1422 
365 458 661 727 1359 1423 
366 459 662 728 1360 1424 
367 460 663 729 1361 1425 
368 461 664 730 1362 1426 
369 462 665 731 1363 1427 
370 463 666 732 1364 1428 
371 464 667 733 1365 1429 
372 465 668 734 1366 1430 
373 466 669 735 1367 1431 
374 467 670 736 1368 1432 
375 468 671 737 1369 1433 
376 469 672 738 1370 1434 
377 470 673 739 1371 1435 
378 471 674 740 1372 1436 
379 472 675 741 1373 1437 
380 473 676 742 1374 1438 
381 474 677 743 1375 1439 
382 475 678 744 1376 1440 
383 476 679 745 1377 1441 
320 477 680 746 1378 1442 
321 478 681 747 1379 1443 
322 479 682 748 1380 1444 
323 480 683 749 1381 1445 
324 481 684 750 1382 1446 
325 482 685 751 1383 1447 
326 483 686 752 1384 1448 
327 484 687 753 1385 1449 
328 485 688 754 1386 1450 
329 486 689 755 1387 1451 
330 487 690 756 1388 1452 
331 488 691 757 1389 1453 
332 489 692 758 1390 1454 
333 490 693 759 1391 1455 
334 491 694 760 1392 1456 
335 492 695 761 1393 1457 
336 493 696 762 1394 1458 
337 494 697 763 1395 1459 
338 495 698 764 1396 1460 
339 496 699 765 1397 1461 
340 497 700 766 1398 1462 
341 498 701 767 1399 1463 
342 499 702 704 1400 1464 
343 500 703 705 1401 1465 
344 501 640 706 1402 1466 
345 502 641 707 1403 1467 
346 503 642 708 1404 1468 
347 504 643 709 1405 1469 
348 505 644 710 1406 1470 
349 506 645 711 1407 1471 
135 193 551 625 1408 1472 
136 194 552 626 1409 1473 
137 195 553 627 1410 1474 
138 196 554 628 1411 1475 
139 197 555 629 1412 1476 
140 198 556 630 1413 1477 
141 199 557 631 1414 1478 
142 200 558 632 1415 1479 
143 201 559 633 1416 1480 
144 202 560 634 1417 1481 
145 203 561 635 1418 1482 
146 204 562 636 1419 1483 
147 205 563 637 1420 1484 
148 206 564 638 1421 1485 
149 207 565 639 1422 1486 
150 208 566 576 1423 1487 
151 209 567 577 1424 1488 
152 210 568 578 1425 1489 
153 211 569 579 1426 1490 
154 212 570 580 1427 1491 
155 213 571 581 1428 1492 
156 214 572 582 1429 1493 
157 215 573 583 1430 1494 
158 216 574 584 1431 1495 
159 217 575 585 1432 1496 
160 218 512 586 1433 1497 
161 219 513 587 1434 1498 
162 220 514 588 1435 1499 
163 221 515 589 1436 1500 
164 222 516 590 1437 1501 
165 223 517 591 1438 1502 
166 224 518 592 1439 1503 
167 225 519 593 1440 1504 
168 226 520 594 1441 1505 
169 227 521 595 1442 1506 
170 228 522 596 1443 1507 
171 229 523 597 1444 1508 
172 230 524 598 1445 1509 
173 231 525 599 1446 1510 
174 232 526 600 1447 1511 
175 233 527 601 1448 1512 
176 234 528 602 1449 1513 
177 235 529 603 1450 1514 
178 236 530 604 1451 1515 
179 237 531 605 1452 1516 
180 238 532 606 1453 1517 
181 239 533 607 1454 1518 
182 240 534 608 1455 1519 
183 241 535 609 1456 1520 
184 242 536 610 1457 1521 
185 243 537 611 1458 1522 
186 244 538 612 1459 1523 
187 245 539 613 1460 1524 
188 246 540 614 1461 1525 
189 247 541 615 1462 1526 
190 248 542 616 1463 1527 
191 249 543 617 1464 1528 
128 250 544 618 1465 1529 
129 251 545 619 1466 1530 
130 252 546 620 1467 1531 
131 253 547 621 1468 1532 
132 254 548 622 1469 1533 
133 255 549 623 1470 1534 
134 192 550 624 1471 1535 
43 322 489 730 775 1472 
44 323 490 731 776 1473 
45 324 491 732 777 1474 
46 325 492 733 778 1475 
47 326 493 734 779 1476 
48 327 494 735 780 1477 
49 328 495 736 781 1478 
50 329 496 737 782 1479 
51 330 497 738 783 1480 
52 331 498 739 784 1481 
53 332 499 740 785 1482 
54 333 500 741 786 1483 
55 334 501 742 787 1484 
56 335 502 743 788 1485 
57 336 503 744 789 1486 
58 337 504 745 790 1487 
59 338 505 746 791 1488 
60 339 506 747 792 1489 
61 340 507 748 793 1490 
62 341 508 749 794 1491 
63 342 509 750 795 1492 
0 343 510 751 796 1493 
1 344 511 752 797 1494 
2 345 448 753 798 1495 
3 346 449 754 799 1496 
4 347 450 755 800 1497 
5 348 451 756 801 1498 
6 349 452 757 802 1499 
7 350 453 758 803 1500 
8 351 454 759 804 1501 
9 352 455 760 805 1502 
10 353 456 761 806 1503 
11 354 457 762 807 1504 
12 355 458 763 808 1505 
13 356 459 764 809 1506 
14 357 460 765 810 1507 
15 358 461 766 811 1508 
16 359 462 767 812 1509 
17 360 463 704 813 1510 
18 361 464 705 814 1511 
19 362 465 706 815 1512 
20 363 466 707 816 1513 
21 364 467 708 817 1514 
22 365 468 709 818 1515 
23 366 469 710 819 1516 
24 367 470 711 820 1517 
25 368 471 712 821 1518 
26 369 472 713 822 1519 
27 370 473 714 823 1520 
28 371 474 715 824 1521 
29 372 475 716 825 1522 
30 373 476 717 826 1523 
31 374 477 718 827 1524 
32 375 478 719 828 1525 
33 376 479 720 829 1526 
34 377 480 721 830 1527 
35 378 481 722 831 1528 
36 379 482 723 768 1529 
37 380 483 724 769 1530 
38 381 484 725 770 1531 
39 382 485 726 771 1532 
40 383 486 727 772 1533 
41 320 487 728 773 1534 
42 321 488 729 774 1535 
91 342 399 457 716 832 896 
92 343 400 458 717 833 897 
93 344 401 459 718 834 898 
94 345 402 460 719 835 899 
95 346 403 461 720 836 900 
96 347 404 462 721 837 901 
97 348 405 463 722 838 902 
98 349 406 464 723 839 903 
99 350 407 465 724 840 904 
100 351 408 466 725 841 905 
101 352 409 467 726 842 906 
102 353 410 468 727 843 907 
103 354 411 469 728 844 908 
104 355 412 470 729 845 909 
105 356 413 471 730 846 910 
106 357 414 472 731 847 911 
107 358 415 473 732 848 912 
108 359 416 474 733 849 913 
109 360 417 475 734 850 914 
110 361 418 476 735 851 915 
111 362 419 477 736 852 916 
112 363 420 478 737 853 917 
113 364 421 479 738 854 918 
114 365 422 480 739 855 919 
115 366 423 481 740 856 920 
116 367 424 482 741 857 921 
117 368 425 483 742 858 922 
118 369 426 484 743 859 923 
119 370 427 485 744 860 924 
120 371 428 486 745 861 925 
121 372 429 487 746 862 926 
122 373 430 488 747 863 927 
123 374 431 489 748 864 928 
124 375 432 490 749 865 929 
125 376 433 491 750 866 930 
126 377 434 492 751 867 931 
127 378 435 493 752 868 932 
64 379 436 494 753 869 933 
65 380 437 495 754 870 934 
66 381 438 496 755 871 935 
67 382 439 497 756 872 936 
68 383 440 498 757 873 937 
69 320 441 499 758 874 938 
70 321 442 500 759 875 939 
71 322 443 501 760 876 940 
72 323 444 502 761 877 941 
73 324 445 503 762 878 942 
74 325 446 504 763 879 943 
75 326 447 505 764 880 944 
76 327 384 506 765 881 945 
77 328 385 507 766 882 946 
78 329 386 508 767 883 947 
79 330 387 509 704 884 948 
80 331 388 510 705 885 949 
81 332 389 511 706 886 950 
82 333 390 448 707 887 951 
83 334 391 449 708 888 952 
84 335 392 450 709 889 953 
85 336 393 451 710 890 954 
86 337 394 452 711 891 955 
87 338 395 453 712 892 956 
88 339 396 454 713 893 957 
89 340 397 455 714 894 958 
90 341 398 456 715 895 959 
216 278 337 481 704 896 960 
217 279 338 482 705 897 961 
218 280 339 483 706 898 962 
219 281 340 484 707 899 963 
220 282 341 485 708 900 964 
221 283 342 486 709 901 965 
222 284 343 487 710 902 966 
223 285 344 488 711 903 967 
224 286 345 489 712 904 968 
225 287 346 490 713 905 969 
226 288 347 491 714 906 970 
227 289 348 492 715 907 971 
228 290 349 493 716 908 972 
229 291 350 494 717 909 973 
230 292 351 495 718 910 974 
231 293 352 496 719 911 975 
232 294 353 497 720 912 976 
233 295 354 498 721 913 977 
234 296 355 499 722 914 978 
235 297 356 500 723 915 979 
236 298 357 501 724 916 980 
237 299 358 502 725 917 981 
238 300 359 503 726 918 982 
239 301 360 504 727 919 983 
240 302 361 505 728 920 984 
241 303 362 506 729 921 985 
242 304 363 507 730 922 986 
243 305 364 508 731 923 987 
244 306 365 509 732 924 988 
245 307 366 510 733 925 989 
246 308 367 511 734 926 990 
247 309 368 448 735 927 991 
248 310 369 449 736 928 992 
249 311 370 450 737 929 993 
250 312 371 451 738 930 994 
251 313 372 452 739 931 995 
252 314 373 453 740 932 996 
253 315 374 454 741 933 997 
254 316 375 455 742 934 998 
255 317 376 456 743 935 999 
192 318 377 457 744 936 1000 
193 319 378 458 745 937 1001 
194 256 379 459 746 938 1002 
195 257 380 460 747 939 1003 
196 258 381 461 748 940 1004 
197 259 382 462 749 941 1005 
198 260 383 463 750 942 1006 
199 261 320 464 751 943 1007 
200 262 321 465 752 944 1008 
201 263 322 466 753 945 1009 
202 264 323 467 754 946 1010 
203 265 324 468 755 947 1011 
204 266 325 469 756 948 1012 
205 267 326 470 757 949 1013 
206 268 327 471 758 950 1014 
207 269 328 472 759 951 1015 
208 270 329 473 760 952 1016 
209 271 330 474 761 953 1017 
210 272 331 475 762 954 1018 
211 273 332 476 763 955 1019 
212 274 333 477 764 956 1020 
213 275 334 478 765 957 1021 
214 276 335 479 766 958 1022 
215 277 336 480 767 959 1023 
302 360 466 719 768 1088 1152 
303 361 467 720 769 1089 1153 
304 362 468 721 770 1090 1154 
305 363 469 722 771 1091 1155 
306 364 470 723 772 1092 1156 
307 365 471 724 773 1093 1157 
308 366 472 725 774 1094 1158 
309 367 473 726 775 1095 1159 
310 368 474 727 776 1096 1160 
311 369 475 728 777 1097 1161 
312 370 476 729 778 1098 1162 
313 371 477 730 779 1099 1163 
314 372 478 731 780 1100 1164 
315 373 479 732 781 1101 1165 
316 374 480 733 782 1102 1166 
317 375 481 734 783 1103 1167 
318 376 482 735 784 1104 1168 
319 377 483 736 785 1105 1169 
256 378 484 737 786 1106 1170 
257 379 485 738 787 1107 1171 
258 380 486 739 788 1108 1172 
259 381 487 740 789 1109 1173 
260 382 488 741 790 1110 1174 
261 383 489 742 791 1111 1175 
262 320 490 743 792 1112 1176 
263 321 491 744 793 1113 1177 
264 322 492 745 794 1114 1178 
265 323 493 746 795 1115 1179 
266 324 494 747 796 1116 1180 
267 325 495 748 797 1117 1181 
268 326 496 749 798 1118 1182 
269 327 497 750 799 1119 1183 
270 328 498 751 800 1120 1184 
271 329 499 752 801 1121 1185 
272 330 500 753 802 1122 1186 
273 331 501 754 803 1123 1187 
274 332 502 755 804 1124 1188 
275 333 503 756 805 1125 1189 
276 334 504 757 806 1126 1190 
277 335 505 758 807 1127 1191 
278 336 506 759 808 1128 1192 
279 337 507 760 809 1129 1193 
280 338 508 761 810 1130 1194 
281 339 509 762 811 1131 1195 
282 340 510 763 812 1132 1196 
283 341 511 764 813 1133 1197 
284 342 448 765 814 1134 1198 
285 343 449 766 815 1135 1199 
286 344 450 767 816 1136 1200 
287 345 451 704 817 1137 1201 
288 346 452 705 818 1138 1202 
289 347 453 706 819 1139 1203 
290 348 454 707 820 1140 1204 
291 349 455 708 821 1141 1205 
292 350 456 709 822 1142 1206 
293 351 457 710 823 1143 1207 
294 352 458 711 824 1144 1208 
295 353 459 712 825 1145 1209 
296 354 460 713 826 1146 1210 
297 355 461 714 827 1147 1211 
298 356 462 715 828 1148 1212 
299 357 463 716 829 1149 1213 
300 358 464 717 830 1150 1214 
301 359 465 718 831 1151 1215 
12 275 344 491 755 1280 1344 
13 276 345 492 756 1281 1345 
14 277 346 493 757 1282 1346 
15 278 347 494 758 1283 1347 
16 279 348 495 759 1284 1348 
17 280 349 496 760 1285 1349 
18 281 350 497 761 1286 1350 
19 282 351 498 762 1287 1351 
20 283 352 499 763 1288 1352 
21 284 353 500 764 1289 1353 
22 285 354 501 765 1290 1354 
23 286 355 502 766 1291 1355 
24 287 356 503 767 1292 1356 
25 288 357 504 704 1293 1357 
26 289 358 505 705 1294 1358 
27 290 359 506 706 1295 1359 
28 291 360 507 707 1296 1360 
29 292 361 508 708 1297 1361 
30 293 362 509 709 1298 1362 
31 294 363 510 710 1299 1363 
32 295 364 511 711 1300 1364 
33 296 365 448 712 1301 1365 
34 297 366 449 713 1302 1366 
35 298 367 450 714 1303 1367 
36 299 368 451 715 1304 1368 
37 300 369 452 716 1305 1369 
38 301 370 453 717 1306 1370 
39 302 371 454 718 1307 1371 
40 303 372 455 719 1308 1372 
41 304 373 456 720 1309 1373 
42 305 374 457 721 1310 1374 
43 306 375 458 722 1311 1375 
44 307 376 459 723 1312 1376 
45 308 377 460 724 1313 1377 
46 309 378 461 725 1314 1378 
47 310 379 462 726 1315 1379 
48 311 380 463 727 1316 1380 
49 312 381 464 728 1317 1381 
50 313 382 465 729 1318 1382 
51 314 383 466 730 1319 1383 
52 315 320 467 731 1320 1384 
53 316 321 468 732 1321 1385 
54 317 322 469 733 1322 1386 
55 318 323 470 734 1323 1387 
56 319 324 471 735 1324 1388 
57 256 325 472 736 1325 1389 
58 257 326 473 737 1326 1390 
59 258 327 474 738 1327 1391 
60 259 328 475 739 1328 1392 
61 260 329 476 740 1329 1393 
62 261 330 477 741 1330 1394 
63 262 331 478 742 1331 1395 
0 263 332 479 743 1332 1396 
1 264 333 480 744 1333 1397 
2 265 334 481 745 1334 1398 
3 266 335 482 746 1335 1399 
4 267 336 483 747 1336 1400 
5 268 337 484 748 1337 1401 
6 269 338 485 749 1338 1402 
7 270 339 486 750 1339 1403 
8 271 340 487 751 1340 1404 
9 272 341 488 752 1341 1405 
10 273 342 489 753 1342 1406 
11 274 343 490 754 1343 1407 

