1 93 191 319 344 499 560 620 698 800 830 917 957 1020 1124 1176 1228 1301 1372 1428 
2 94 192 320 345 500 561 621 699 801 831 918 958 1021 1125 1177 1229 1302 1373 1429 
3 95 193 321 346 501 562 622 700 802 832 919 959 1022 1126 1178 1230 1303 1374 1430 
4 96 194 322 347 502 563 623 701 803 833 920 960 1023 1127 1179 1231 1304 1375 1431 
5 97 195 323 348 503 564 624 702 804 834 921 961 1024 1128 1180 1232 1305 1376 1432 
6 98 196 324 349 504 565 625 703 805 835 922 962 1025 1129 1181 1233 1306 1377 1433 
7 99 197 325 350 505 566 626 704 806 836 923 963 1026 1130 1182 1234 1307 1378 1434 
8 100 198 326 351 506 567 627 705 807 837 924 964 1027 1131 1183 1235 1308 1379 1435 
9 101 199 327 352 507 568 628 706 808 838 925 965 1028 1132 1184 1236 1309 1380 1436 
10 102 200 328 353 508 569 629 707 809 839 926 966 1029 1133 1185 1237 1310 1381 1437 
11 103 201 329 354 509 570 630 708 810 840 927 967 1030 1134 1186 1238 1311 1382 1438 
12 104 202 330 355 510 571 631 709 811 841 928 968 1031 1135 1187 1239 1312 1383 1439 
13 105 203 331 356 511 572 632 710 812 842 929 969 1032 1136 1188 1240 1313 1384 1440 
14 106 136 332 357 512 573 633 711 813 843 930 970 1033 1137 1189 1241 1314 1385 1441 
15 107 137 333 358 513 574 634 712 814 844 931 971 1034 1138 1190 1242 1315 1386 1442 
16 108 138 334 359 514 575 635 713 815 845 932 972 1035 1139 1191 1243 1316 1387 1443 
17 109 139 335 360 515 576 636 714 748 846 933 973 1036 1140 1192 1244 1317 1388 1444 
18 110 140 336 361 516 577 637 715 749 847 934 974 1037 1141 1193 1245 1318 1389 1445 
19 111 141 337 362 517 578 638 716 750 848 935 975 1038 1142 1194 1246 1319 1390 1446 
20 112 142 338 363 518 579 639 717 751 849 936 976 1039 1143 1195 1247 1320 1391 1447 
21 113 143 339 364 519 580 640 718 752 850 937 977 1040 1144 1196 1248 1321 1392 1448 
22 114 144 272 365 520 581 641 719 753 851 938 978 1041 1145 1197 1249 1322 1393 1449 
23 115 145 273 366 521 582 642 720 754 852 939 979 1042 1146 1198 1250 1323 1394 1450 
24 116 146 274 367 522 583 643 721 755 853 940 980 1043 1147 1199 1251 1324 1395 1451 
25 117 147 275 368 523 584 644 722 756 854 941 981 1044 1148 1200 1252 1325 1396 1452 
26 118 148 276 369 524 585 645 723 757 855 942 982 1045 1149 1201 1253 1326 1397 1453 
27 119 149 277 370 525 586 646 724 758 856 943 983 1046 1150 1202 1254 1327 1398 1454 
28 120 150 278 371 526 587 647 725 759 857 944 984 1047 1151 1203 1255 1328 1399 1455 
29 121 151 279 372 527 588 648 726 760 858 945 985 1048 1152 1204 1256 1329 1400 1456 
30 122 152 280 373 528 589 649 727 761 859 946 986 1049 1153 1205 1257 1330 1401 1457 
31 123 153 281 374 529 590 650 728 762 860 947 987 1050 1154 1206 1258 1331 1402 1458 
32 124 154 282 375 530 591 651 729 763 861 948 988 1051 1155 1207 1259 1332 1403 1459 
33 125 155 283 376 531 592 652 730 764 862 949 989 1052 1088 1208 1260 1333 1404 1460 
34 126 156 284 377 532 593 653 731 765 863 950 990 1053 1089 1209 1261 1334 1405 1461 
35 127 157 285 378 533 594 654 732 766 864 951 991 1054 1090 1210 1262 1335 1406 1462 
36 128 158 286 379 534 595 655 733 767 865 884 992 1055 1091 1211 1263 1336 1407 1463 
37 129 159 287 380 535 596 656 734 768 866 885 993 1056 1092 1212 1264 1337 1408 1464 
38 130 160 288 381 536 597 657 735 769 867 886 994 1057 1093 1213 1265 1338 1409 1465 
39 131 161 289 382 537 598 658 736 770 868 887 995 1058 1094 1214 1266 1339 1410 1466 
40 132 162 290 383 538 599 659 737 771 869 888 996 1059 1095 1215 1267 1340 1411 1467 
41 133 163 291 384 539 600 660 738 772 870 889 997 1060 1096 1216 1268 1341 1412 1468 
42 134 164 292 385 540 601 661 739 773 871 890 998 1061 1097 1217 1269 1342 1413 1469 
43 135 165 293 386 541 602 662 740 774 872 891 999 1062 1098 1218 1270 1343 1414 1470 
44 68 166 294 387 542 603 663 741 775 873 892 1000 1063 1099 1219 1271 1344 1415 1471 
45 69 167 295 388 543 604 664 742 776 874 893 1001 1064 1100 1220 1272 1345 1416 1472 
46 70 168 296 389 476 605 665 743 777 875 894 1002 1065 1101 1221 1273 1346 1417 1473 
47 71 169 297 390 477 606 666 744 778 876 895 1003 1066 1102 1222 1274 1347 1418 1474 
48 72 170 298 391 478 607 667 745 779 877 896 1004 1067 1103 1223 1275 1348 1419 1475 
49 73 171 299 392 479 608 668 746 780 878 897 1005 1068 1104 1156 1276 1349 1420 1476 
50 74 172 300 393 480 609 669 747 781 879 898 1006 1069 1105 1157 1277 1350 1421 1477 
51 75 173 301 394 481 610 670 680 782 880 899 1007 1070 1106 1158 1278 1351 1422 1478 
52 76 174 302 395 482 611 671 681 783 881 900 1008 1071 1107 1159 1279 1352 1423 1479 
53 77 175 303 396 483 544 672 682 784 882 901 1009 1072 1108 1160 1280 1353 1424 1480 
54 78 176 304 397 484 545 673 683 785 883 902 1010 1073 1109 1161 1281 1354 1425 1481 
55 79 177 305 398 485 546 674 684 786 816 903 1011 1074 1110 1162 1282 1355 1426 1482 
56 80 178 306 399 486 547 675 685 787 817 904 1012 1075 1111 1163 1283 1356 1427 1483 
57 81 179 307 400 487 548 676 686 788 818 905 1013 1076 1112 1164 1284 1357 1360 1484 
58 82 180 308 401 488 549 677 687 789 819 906 1014 1077 1113 1165 1285 1358 1361 1485 
59 83 181 309 402 489 550 678 688 790 820 907 1015 1078 1114 1166 1286 1359 1362 1486 
60 84 182 310 403 490 551 679 689 791 821 908 1016 1079 1115 1167 1287 1292 1363 1487 
61 85 183 311 404 491 552 612 690 792 822 909 1017 1080 1116 1168 1288 1293 1364 1488 
62 86 184 312 405 492 553 613 691 793 823 910 1018 1081 1117 1169 1289 1294 1365 1489 
63 87 185 313 406 493 554 614 692 794 824 911 1019 1082 1118 1170 1290 1295 1366 1490 
64 88 186 314 407 494 555 615 693 795 825 912 952 1083 1119 1171 1291 1296 1367 1491 
65 89 187 315 340 495 556 616 694 796 826 913 953 1084 1120 1172 1224 1297 1368 1492 
66 90 188 316 341 496 557 617 695 797 827 914 954 1085 1121 1173 1225 1298 1369 1493 
67 91 189 317 342 497 558 618 696 798 828 915 955 1086 1122 1174 1226 1299 1370 1494 
0 92 190 318 343 498 559 619 697 799 829 916 956 1087 1123 1175 1227 1300 1371 1495 
74 240 312 387 420 487 591 721 769 828 887 966 1024 1088 1200 1273 1292 1360 1428 1496 
75 241 313 388 421 488 592 722 770 829 888 967 1025 1089 1201 1274 1293 1361 1429 1497 
76 242 314 389 422 489 593 723 771 830 889 968 1026 1090 1202 1275 1294 1362 1430 1498 
77 243 315 390 423 490 594 724 772 831 890 969 1027 1091 1203 1276 1295 1363 1431 1499 
78 244 316 391 424 491 595 725 773 832 891 970 1028 1092 1204 1277 1296 1364 1432 1500 
79 245 317 392 425 492 596 726 774 833 892 971 1029 1093 1205 1278 1297 1365 1433 1501 
80 246 318 393 426 493 597 727 775 834 893 972 1030 1094 1206 1279 1298 1366 1434 1502 
81 247 319 394 427 494 598 728 776 835 894 973 1031 1095 1207 1280 1299 1367 1435 1503 
82 248 320 395 428 495 599 729 777 836 895 974 1032 1096 1208 1281 1300 1368 1436 1504 
83 249 321 396 429 496 600 730 778 837 896 975 1033 1097 1209 1282 1301 1369 1437 1505 
84 250 322 397 430 497 601 731 779 838 897 976 1034 1098 1210 1283 1302 1370 1438 1506 
85 251 323 398 431 498 602 732 780 839 898 977 1035 1099 1211 1284 1303 1371 1439 1507 
86 252 324 399 432 499 603 733 781 840 899 978 1036 1100 1212 1285 1304 1372 1440 1508 
87 253 325 400 433 500 604 734 782 841 900 979 1037 1101 1213 1286 1305 1373 1441 1509 
88 254 326 401 434 501 605 735 783 842 901 980 1038 1102 1214 1287 1306 1374 1442 1510 
89 255 327 402 435 502 606 736 784 843 902 981 1039 1103 1215 1288 1307 1375 1443 1511 
90 256 328 403 436 503 607 737 785 844 903 982 1040 1104 1216 1289 1308 1376 1444 1512 
91 257 329 404 437 504 608 738 786 845 904 983 1041 1105 1217 1290 1309 1377 1445 1513 
92 258 330 405 438 505 609 739 787 846 905 984 1042 1106 1218 1291 1310 1378 1446 1514 
93 259 331 406 439 506 610 740 788 847 906 985 1043 1107 1219 1224 1311 1379 1447 1515 
94 260 332 407 440 507 611 741 789 848 907 986 1044 1108 1220 1225 1312 1380 1448 1516 
95 261 333 340 441 508 544 742 790 849 908 987 1045 1109 1221 1226 1313 1381 1449 1517 
96 262 334 341 442 509 545 743 791 850 909 988 1046 1110 1222 1227 1314 1382 1450 1518 
97 263 335 342 443 510 546 744 792 851 910 989 1047 1111 1223 1228 1315 1383 1451 1519 
98 264 336 343 444 511 547 745 793 852 911 990 1048 1112 1156 1229 1316 1384 1452 1520 
99 265 337 344 445 512 548 746 794 853 912 991 1049 1113 1157 1230 1317 1385 1453 1521 
100 266 338 345 446 513 549 747 795 854 913 992 1050 1114 1158 1231 1318 1386 1454 1522 
101 267 339 346 447 514 550 680 796 855 914 993 1051 1115 1159 1232 1319 1387 1455 1523 
102 268 272 347 448 515 551 681 797 856 915 994 1052 1116 1160 1233 1320 1388 1456 1524 
103 269 273 348 449 516 552 682 798 857 916 995 1053 1117 1161 1234 1321 1389 1457 1525 
104 270 274 349 450 517 553 683 799 858 917 996 1054 1118 1162 1235 1322 1390 1458 1526 
105 271 275 350 451 518 554 684 800 859 918 997 1055 1119 1163 1236 1323 1391 1459 1527 
106 204 276 351 452 519 555 685 801 860 919 998 1056 1120 1164 1237 1324 1392 1460 1528 
107 205 277 352 453 520 556 686 802 861 920 999 1057 1121 1165 1238 1325 1393 1461 1529 
108 206 278 353 454 521 557 687 803 862 921 1000 1058 1122 1166 1239 1326 1394 1462 1530 
109 207 279 354 455 522 558 688 804 863 922 1001 1059 1123 1167 1240 1327 1395 1463 1531 
110 208 280 355 456 523 559 689 805 864 923 1002 1060 1124 1168 1241 1328 1396 1464 1532 
111 209 281 356 457 524 560 690 806 865 924 1003 1061 1125 1169 1242 1329 1397 1465 1533 
112 210 282 357 458 525 561 691 807 866 925 1004 1062 1126 1170 1243 1330 1398 1466 1534 
113 211 283 358 459 526 562 692 808 867 926 1005 1063 1127 1171 1244 1331 1399 1467 1535 
114 212 284 359 460 527 563 693 809 868 927 1006 1064 1128 1172 1245 1332 1400 1468 1536 
115 213 285 360 461 528 564 694 810 869 928 1007 1065 1129 1173 1246 1333 1401 1469 1537 
116 214 286 361 462 529 565 695 811 870 929 1008 1066 1130 1174 1247 1334 1402 1470 1538 
117 215 287 362 463 530 566 696 812 871 930 1009 1067 1131 1175 1248 1335 1403 1471 1539 
118 216 288 363 464 531 567 697 813 872 931 1010 1068 1132 1176 1249 1336 1404 1472 1540 
119 217 289 364 465 532 568 698 814 873 932 1011 1069 1133 1177 1250 1337 1405 1473 1541 
120 218 290 365 466 533 569 699 815 874 933 1012 1070 1134 1178 1251 1338 1406 1474 1542 
121 219 291 366 467 534 570 700 748 875 934 1013 1071 1135 1179 1252 1339 1407 1475 1543 
122 220 292 367 468 535 571 701 749 876 935 1014 1072 1136 1180 1253 1340 1408 1476 1544 
123 221 293 368 469 536 572 702 750 877 936 1015 1073 1137 1181 1254 1341 1409 1477 1545 
124 222 294 369 470 537 573 703 751 878 937 1016 1074 1138 1182 1255 1342 1410 1478 1546 
125 223 295 370 471 538 574 704 752 879 938 1017 1075 1139 1183 1256 1343 1411 1479 1547 
126 224 296 371 472 539 575 705 753 880 939 1018 1076 1140 1184 1257 1344 1412 1480 1548 
127 225 297 372 473 540 576 706 754 881 940 1019 1077 1141 1185 1258 1345 1413 1481 1549 
128 226 298 373 474 541 577 707 755 882 941 952 1078 1142 1186 1259 1346 1414 1482 1550 
129 227 299 374 475 542 578 708 756 883 942 953 1079 1143 1187 1260 1347 1415 1483 1551 
130 228 300 375 408 543 579 709 757 816 943 954 1080 1144 1188 1261 1348 1416 1484 1552 
131 229 301 376 409 476 580 710 758 817 944 955 1081 1145 1189 1262 1349 1417 1485 1553 
132 230 302 377 410 477 581 711 759 818 945 956 1082 1146 1190 1263 1350 1418 1486 1554 
133 231 303 378 411 478 582 712 760 819 946 957 1083 1147 1191 1264 1351 1419 1487 1555 
134 232 304 379 412 479 583 713 761 820 947 958 1084 1148 1192 1265 1352 1420 1488 1556 
135 233 305 380 413 480 584 714 762 821 948 959 1085 1149 1193 1266 1353 1421 1489 1557 
68 234 306 381 414 481 585 715 763 822 949 960 1086 1150 1194 1267 1354 1422 1490 1558 
69 235 307 382 415 482 586 716 764 823 950 961 1087 1151 1195 1268 1355 1423 1491 1559 
70 236 308 383 416 483 587 717 765 824 951 962 1020 1152 1196 1269 1356 1424 1492 1560 
71 237 309 384 417 484 588 718 766 825 884 963 1021 1153 1197 1270 1357 1425 1493 1561 
72 238 310 385 418 485 589 719 767 826 885 964 1022 1154 1198 1271 1358 1426 1494 1562 
73 239 311 386 419 486 590 720 768 827 886 965 1023 1155 1199 1272 1359 1427 1495 1563 
51 81 151 208 339 429 575 636 703 809 829 893 970 1030 1148 1176 1291 1307 1496 1564 
52 82 152 209 272 430 576 637 704 810 830 894 971 1031 1149 1177 1224 1308 1497 1565 
53 83 153 210 273 431 577 638 705 811 831 895 972 1032 1150 1178 1225 1309 1498 1566 
54 84 154 211 274 432 578 639 706 812 832 896 973 1033 1151 1179 1226 1310 1499 1567 
55 85 155 212 275 433 579 640 707 813 833 897 974 1034 1152 1180 1227 1311 1500 1568 
56 86 156 213 276 434 580 641 708 814 834 898 975 1035 1153 1181 1228 1312 1501 1569 
57 87 157 214 277 435 581 642 709 815 835 899 976 1036 1154 1182 1229 1313 1502 1570 
58 88 158 215 278 436 582 643 710 748 836 900 977 1037 1155 1183 1230 1314 1503 1571 
59 89 159 216 279 437 583 644 711 749 837 901 978 1038 1088 1184 1231 1315 1504 1572 
60 90 160 217 280 438 584 645 712 750 838 902 979 1039 1089 1185 1232 1316 1505 1573 
61 91 161 218 281 439 585 646 713 751 839 903 980 1040 1090 1186 1233 1317 1506 1574 
62 92 162 219 282 440 586 647 714 752 840 904 981 1041 1091 1187 1234 1318 1507 1575 
63 93 163 220 283 441 587 648 715 753 841 905 982 1042 1092 1188 1235 1319 1508 1576 
64 94 164 221 284 442 588 649 716 754 842 906 983 1043 1093 1189 1236 1320 1509 1577 
65 95 165 222 285 443 589 650 717 755 843 907 984 1044 1094 1190 1237 1321 1510 1578 
66 96 166 223 286 444 590 651 718 756 844 908 985 1045 1095 1191 1238 1322 1511 1579 
67 97 167 224 287 445 591 652 719 757 845 909 986 1046 1096 1192 1239 1323 1512 1580 
0 98 168 225 288 446 592 653 720 758 846 910 987 1047 1097 1193 1240 1324 1513 1581 
1 99 169 226 289 447 593 654 721 759 847 911 988 1048 1098 1194 1241 1325 1514 1582 
2 100 170 227 290 448 594 655 722 760 848 912 989 1049 1099 1195 1242 1326 1515 1583 
3 101 171 228 291 449 595 656 723 761 849 913 990 1050 1100 1196 1243 1327 1516 1584 
4 102 172 229 292 450 596 657 724 762 850 914 991 1051 1101 1197 1244 1328 1517 1585 
5 103 173 230 293 451 597 658 725 763 851 915 992 1052 1102 1198 1245 1329 1518 1586 
6 104 174 231 294 452 598 659 726 764 852 916 993 1053 1103 1199 1246 1330 1519 1587 
7 105 175 232 295 453 599 660 727 765 853 917 994 1054 1104 1200 1247 1331 1520 1588 
8 106 176 233 296 454 600 661 728 766 854 918 995 1055 1105 1201 1248 1332 1521 1589 
9 107 177 234 297 455 601 662 729 767 855 919 996 1056 1106 1202 1249 1333 1522 1590 
10 108 178 235 298 456 602 663 730 768 856 920 997 1057 1107 1203 1250 1334 1523 1591 
11 109 179 236 299 457 603 664 731 769 857 921 998 1058 1108 1204 1251 1335 1524 1592 
12 110 180 237 300 458 604 665 732 770 858 922 999 1059 1109 1205 1252 1336 1525 1593 
13 111 181 238 301 459 605 666 733 771 859 923 1000 1060 1110 1206 1253 1337 1526 1594 
14 112 182 239 302 460 606 667 734 772 860 924 1001 1061 1111 1207 1254 1338 1527 1595 
15 113 183 240 303 461 607 668 735 773 861 925 1002 1062 1112 1208 1255 1339 1528 1596 
16 114 184 241 304 462 608 669 736 774 862 926 1003 1063 1113 1209 1256 1340 1529 1597 
17 115 185 242 305 463 609 670 737 775 863 927 1004 1064 1114 1210 1257 1341 1530 1598 
18 116 186 243 306 464 610 671 738 776 864 928 1005 1065 1115 1211 1258 1342 1531 1599 
19 117 187 244 307 465 611 672 739 777 865 929 1006 1066 1116 1212 1259 1343 1532 1600 
20 118 188 245 308 466 544 673 740 778 866 930 1007 1067 1117 1213 1260 1344 1533 1601 
21 119 189 246 309 467 545 674 741 779 867 931 1008 1068 1118 1214 1261 1345 1534 1602 
22 120 190 247 310 468 546 675 742 780 868 932 1009 1069 1119 1215 1262 1346 1535 1603 
23 121 191 248 311 469 547 676 743 781 869 933 1010 1070 1120 1216 1263 1347 1536 1604 
24 122 192 249 312 470 548 677 744 782 870 934 1011 1071 1121 1217 1264 1348 1537 1605 
25 123 193 250 313 471 549 678 745 783 871 935 1012 1072 1122 1218 1265 1349 1538 1606 
26 124 194 251 314 472 550 679 746 784 872 936 1013 1073 1123 1219 1266 1350 1539 1607 
27 125 195 252 315 473 551 612 747 785 873 937 1014 1074 1124 1220 1267 1351 1540 1608 
28 126 196 253 316 474 552 613 680 786 874 938 1015 1075 1125 1221 1268 1352 1541 1609 
29 127 197 254 317 475 553 614 681 787 875 939 1016 1076 1126 1222 1269 1353 1542 1610 
30 128 198 255 318 408 554 615 682 788 876 940 1017 1077 1127 1223 1270 1354 1543 1611 
31 129 199 256 319 409 555 616 683 789 877 941 1018 1078 1128 1156 1271 1355 1544 1612 
32 130 200 257 320 410 556 617 684 790 878 942 1019 1079 1129 1157 1272 1356 1545 1613 
33 131 201 258 321 411 557 618 685 791 879 943 952 1080 1130 1158 1273 1357 1546 1614 
34 132 202 259 322 412 558 619 686 792 880 944 953 1081 1131 1159 1274 1358 1547 1615 
35 133 203 260 323 413 559 620 687 793 881 945 954 1082 1132 1160 1275 1359 1548 1616 
36 134 136 261 324 414 560 621 688 794 882 946 955 1083 1133 1161 1276 1292 1549 1617 
37 135 137 262 325 415 561 622 689 795 883 947 956 1084 1134 1162 1277 1293 1550 1618 
38 68 138 263 326 416 562 623 690 796 816 948 957 1085 1135 1163 1278 1294 1551 1619 
39 69 139 264 327 417 563 624 691 797 817 949 958 1086 1136 1164 1279 1295 1552 1620 
40 70 140 265 328 418 564 625 692 798 818 950 959 1087 1137 1165 1280 1296 1553 1621 
41 71 141 266 329 419 565 626 693 799 819 951 960 1020 1138 1166 1281 1297 1554 1622 
42 72 142 267 330 420 566 627 694 800 820 884 961 1021 1139 1167 1282 1298 1555 1623 
43 73 143 268 331 421 567 628 695 801 821 885 962 1022 1140 1168 1283 1299 1556 1624 
44 74 144 269 332 422 568 629 696 802 822 886 963 1023 1141 1169 1284 1300 1557 1625 
45 75 145 270 333 423 569 630 697 803 823 887 964 1024 1142 1170 1285 1301 1558 1626 
46 76 146 271 334 424 570 631 698 804 824 888 965 1025 1143 1171 1286 1302 1559 1627 
47 77 147 204 335 425 571 632 699 805 825 889 966 1026 1144 1172 1287 1303 1560 1628 
48 78 148 205 336 426 572 633 700 806 826 890 967 1027 1145 1173 1288 1304 1561 1629 
49 79 149 206 337 427 573 634 701 807 827 891 968 1028 1146 1174 1289 1305 1562 1630 
50 80 150 207 338 428 574 635 702 808 828 892 969 1029 1147 1175 1290 1306 1563 1631 
50 186 219 376 421 486 555 632 733 770 845 908 1009 1050 1104 1180 1235 1358 1372 1564 
51 187 220 377 422 487 556 633 734 771 846 909 1010 1051 1105 1181 1236 1359 1373 1565 
52 188 221 378 423 488 557 634 735 772 847 910 1011 1052 1106 1182 1237 1292 1374 1566 
53 189 222 379 424 489 558 635 736 773 848 911 1012 1053 1107 1183 1238 1293 1375 1567 
54 190 223 380 425 490 559 636 737 774 849 912 1013 1054 1108 1184 1239 1294 1376 1568 
55 191 224 381 426 491 560 637 738 775 850 913 1014 1055 1109 1185 1240 1295 1377 1569 
56 192 225 382 427 492 561 638 739 776 851 914 1015 1056 1110 1186 1241 1296 1378 1570 
57 193 226 383 428 493 562 639 740 777 852 915 1016 1057 1111 1187 1242 1297 1379 1571 
58 194 227 384 429 494 563 640 741 778 853 916 1017 1058 1112 1188 1243 1298 1380 1572 
59 195 228 385 430 495 564 641 742 779 854 917 1018 1059 1113 1189 1244 1299 1381 1573 
60 196 229 386 431 496 565 642 743 780 855 918 1019 1060 1114 1190 1245 1300 1382 1574 
61 197 230 387 432 497 566 643 744 781 856 919 952 1061 1115 1191 1246 1301 1383 1575 
62 198 231 388 433 498 567 644 745 782 857 920 953 1062 1116 1192 1247 1302 1384 1576 
63 199 232 389 434 499 568 645 746 783 858 921 954 1063 1117 1193 1248 1303 1385 1577 
64 200 233 390 435 500 569 646 747 784 859 922 955 1064 1118 1194 1249 1304 1386 1578 
65 201 234 391 436 501 570 647 680 785 860 923 956 1065 1119 1195 1250 1305 1387 1579 
66 202 235 392 437 502 571 648 681 786 861 924 957 1066 1120 1196 1251 1306 1388 1580 
67 203 236 393 438 503 572 649 682 787 862 925 958 1067 1121 1197 1252 1307 1389 1581 
0 136 237 394 439 504 573 650 683 788 863 926 959 1068 1122 1198 1253 1308 1390 1582 
1 137 238 395 440 505 574 651 684 789 864 927 960 1069 1123 1199 1254 1309 1391 1583 
2 138 239 396 441 506 575 652 685 790 865 928 961 1070 1124 1200 1255 1310 1392 1584 
3 139 240 397 442 507 576 653 686 791 866 929 962 1071 1125 1201 1256 1311 1393 1585 
4 140 241 398 443 508 577 654 687 792 867 930 963 1072 1126 1202 1257 1312 1394 1586 
5 141 242 399 444 509 578 655 688 793 868 931 964 1073 1127 1203 1258 1313 1395 1587 
6 142 243 400 445 510 579 656 689 794 869 932 965 1074 1128 1204 1259 1314 1396 1588 
7 143 244 401 446 511 580 657 690 795 870 933 966 1075 1129 1205 1260 1315 1397 1589 
8 144 245 402 447 512 581 658 691 796 871 934 967 1076 1130 1206 1261 1316 1398 1590 
9 145 246 403 448 513 582 659 692 797 872 935 968 1077 1131 1207 1262 1317 1399 1591 
10 146 247 404 449 514 583 660 693 798 873 936 969 1078 1132 1208 1263 1318 1400 1592 
11 147 248 405 450 515 584 661 694 799 874 937 970 1079 1133 1209 1264 1319 1401 1593 
12 148 249 406 451 516 585 662 695 800 875 938 971 1080 1134 1210 1265 1320 1402 1594 
13 149 250 407 452 517 586 663 696 801 876 939 972 1081 1135 1211 1266 1321 1403 1595 
14 150 251 340 453 518 587 664 697 802 877 940 973 1082 1136 1212 1267 1322 1404 1596 
15 151 252 341 454 519 588 665 698 803 878 941 974 1083 1137 1213 1268 1323 1405 1597 
16 152 253 342 455 520 589 666 699 804 879 942 975 1084 1138 1214 1269 1324 1406 1598 
17 153 254 343 456 521 590 667 700 805 880 943 976 1085 1139 1215 1270 1325 1407 1599 
18 154 255 344 457 522 591 668 701 806 881 944 977 1086 1140 1216 1271 1326 1408 1600 
19 155 256 345 458 523 592 669 702 807 882 945 978 1087 1141 1217 1272 1327 1409 1601 
20 156 257 346 459 524 593 670 703 808 883 946 979 1020 1142 1218 1273 1328 1410 1602 
21 157 258 347 460 525 594 671 704 809 816 947 980 1021 1143 1219 1274 1329 1411 1603 
22 158 259 348 461 526 595 672 705 810 817 948 981 1022 1144 1220 1275 1330 1412 1604 
23 159 260 349 462 527 596 673 706 811 818 949 982 1023 1145 1221 1276 1331 1413 1605 
24 160 261 350 463 528 597 674 707 812 819 950 983 1024 1146 1222 1277 1332 1414 1606 
25 161 262 351 464 529 598 675 708 813 820 951 984 1025 1147 1223 1278 1333 1415 1607 
26 162 263 352 465 530 599 676 709 814 821 884 985 1026 1148 1156 1279 1334 1416 1608 
27 163 264 353 466 531 600 677 710 815 822 885 986 1027 1149 1157 1280 1335 1417 1609 
28 164 265 354 467 532 601 678 711 748 823 886 987 1028 1150 1158 1281 1336 1418 1610 
29 165 266 355 468 533 602 679 712 749 824 887 988 1029 1151 1159 1282 1337 1419 1611 
30 166 267 356 469 534 603 612 713 750 825 888 989 1030 1152 1160 1283 1338 1420 1612 
31 167 268 357 470 535 604 613 714 751 826 889 990 1031 1153 1161 1284 1339 1421 1613 
32 168 269 358 471 536 605 614 715 752 827 890 991 1032 1154 1162 1285 1340 1422 1614 
33 169 270 359 472 537 606 615 716 753 828 891 992 1033 1155 1163 1286 1341 1423 1615 
34 170 271 360 473 538 607 616 717 754 829 892 993 1034 1088 1164 1287 1342 1424 1616 
35 171 204 361 474 539 608 617 718 755 830 893 994 1035 1089 1165 1288 1343 1425 1617 
36 172 205 362 475 540 609 618 719 756 831 894 995 1036 1090 1166 1289 1344 1426 1618 
37 173 206 363 408 541 610 619 720 757 832 895 996 1037 1091 1167 1290 1345 1427 1619 
38 174 207 364 409 542 611 620 721 758 833 896 997 1038 1092 1168 1291 1346 1360 1620 
39 175 208 365 410 543 544 621 722 759 834 897 998 1039 1093 1169 1224 1347 1361 1621 
40 176 209 366 411 476 545 622 723 760 835 898 999 1040 1094 1170 1225 1348 1362 1622 
41 177 210 367 412 477 546 623 724 761 836 899 1000 1041 1095 1171 1226 1349 1363 1623 
42 178 211 368 413 478 547 624 725 762 837 900 1001 1042 1096 1172 1227 1350 1364 1624 
43 179 212 369 414 479 548 625 726 763 838 901 1002 1043 1097 1173 1228 1351 1365 1625 
44 180 213 370 415 480 549 626 727 764 839 902 1003 1044 1098 1174 1229 1352 1366 1626 
45 181 214 371 416 481 550 627 728 765 840 903 1004 1045 1099 1175 1230 1353 1367 1627 
46 182 215 372 417 482 551 628 729 766 841 904 1005 1046 1100 1176 1231 1354 1368 1628 
47 183 216 373 418 483 552 629 730 767 842 905 1006 1047 1101 1177 1232 1355 1369 1629 
48 184 217 374 419 484 553 630 731 768 843 906 1007 1048 1102 1178 1233 1356 1370 1630 
49 185 218 375 420 485 554 631 732 769 844 907 1008 1049 1103 1179 1234 1357 1371 1631 

