94 141 599 627 823 884 
95 142 600 628 824 885 
96 143 601 629 825 886 
97 144 602 630 826 887 
98 145 603 631 827 888 
99 146 604 632 828 889 
100 147 605 633 829 890 
101 148 606 634 830 891 
102 149 607 635 831 892 
103 150 608 636 832 893 
104 151 609 637 833 894 
105 152 610 638 834 895 
106 153 611 639 835 896 
107 154 544 640 836 897 
108 155 545 641 837 898 
109 156 546 642 838 899 
110 157 547 643 839 900 
111 158 548 644 840 901 
112 159 549 645 841 902 
113 160 550 646 842 903 
114 161 551 647 843 904 
115 162 552 648 844 905 
116 163 553 649 845 906 
117 164 554 650 846 907 
118 165 555 651 847 908 
119 166 556 652 848 909 
120 167 557 653 849 910 
121 168 558 654 850 911 
122 169 559 655 851 912 
123 170 560 656 852 913 
124 171 561 657 853 914 
125 172 562 658 854 915 
126 173 563 659 855 916 
127 174 564 660 856 917 
128 175 565 661 857 918 
129 176 566 662 858 919 
130 177 567 663 859 920 
131 178 568 664 860 921 
132 179 569 665 861 922 
133 180 570 666 862 923 
134 181 571 667 863 924 
135 182 572 668 864 925 
68 183 573 669 865 926 
69 184 574 670 866 927 
70 185 575 671 867 928 
71 186 576 672 868 929 
72 187 577 673 869 930 
73 188 578 674 870 931 
74 189 579 675 871 932 
75 190 580 676 872 933 
76 191 581 677 873 934 
77 192 582 678 874 935 
78 193 583 679 875 936 
79 194 584 612 876 937 
80 195 585 613 877 938 
81 196 586 614 878 939 
82 197 587 615 879 940 
83 198 588 616 880 941 
84 199 589 617 881 942 
85 200 590 618 882 943 
86 201 591 619 883 944 
87 202 592 620 816 945 
88 203 593 621 817 946 
89 136 594 622 818 947 
90 137 595 623 819 948 
91 138 596 624 820 949 
92 139 597 625 821 950 
93 140 598 626 822 951 
61 183 609 637 1020 1088 
62 184 610 638 1021 1089 
63 185 611 639 1022 1090 
64 186 544 640 1023 1091 
65 187 545 641 1024 1092 
66 188 546 642 1025 1093 
67 189 547 643 1026 1094 
0 190 548 644 1027 1095 
1 191 549 645 1028 1096 
2 192 550 646 1029 1097 
3 193 551 647 1030 1098 
4 194 552 648 1031 1099 
5 195 553 649 1032 1100 
6 196 554 650 1033 1101 
7 197 555 651 1034 1102 
8 198 556 652 1035 1103 
9 199 557 653 1036 1104 
10 200 558 654 1037 1105 
11 201 559 655 1038 1106 
12 202 560 656 1039 1107 
13 203 561 657 1040 1108 
14 136 562 658 1041 1109 
15 137 563 659 1042 1110 
16 138 564 660 1043 1111 
17 139 565 661 1044 1112 
18 140 566 662 1045 1113 
19 141 567 663 1046 1114 
20 142 568 664 1047 1115 
21 143 569 665 1048 1116 
22 144 570 666 1049 1117 
23 145 571 667 1050 1118 
24 146 572 668 1051 1119 
25 147 573 669 1052 1120 
26 148 574 670 1053 1121 
27 149 575 671 1054 1122 
28 150 576 672 1055 1123 
29 151 577 673 1056 1124 
30 152 578 674 1057 1125 
31 153 579 675 1058 1126 
32 154 580 676 1059 1127 
33 155 581 677 1060 1128 
34 156 582 678 1061 1129 
35 157 583 679 1062 1130 
36 158 584 612 1063 1131 
37 159 585 613 1064 1132 
38 160 586 614 1065 1133 
39 161 587 615 1066 1134 
40 162 588 616 1067 1135 
41 163 589 617 1068 1136 
42 164 590 618 1069 1137 
43 165 591 619 1070 1138 
44 166 592 620 1071 1139 
45 167 593 621 1072 1140 
46 168 594 622 1073 1141 
47 169 595 623 1074 1142 
48 170 596 624 1075 1143 
49 171 597 625 1076 1144 
50 172 598 626 1077 1145 
51 173 599 627 1078 1146 
52 174 600 628 1079 1147 
53 175 601 629 1080 1148 
54 176 602 630 1081 1149 
55 177 603 631 1082 1150 
56 178 604 632 1083 1151 
57 179 605 633 1084 1152 
58 180 606 634 1085 1153 
59 181 607 635 1086 1154 
60 182 608 636 1087 1155 
175 424 653 684 1088 1156 
176 425 654 685 1089 1157 
177 426 655 686 1090 1158 
178 427 656 687 1091 1159 
179 428 657 688 1092 1160 
180 429 658 689 1093 1161 
181 430 659 690 1094 1162 
182 431 660 691 1095 1163 
183 432 661 692 1096 1164 
184 433 662 693 1097 1165 
185 434 663 694 1098 1166 
186 435 664 695 1099 1167 
187 436 665 696 1100 1168 
188 437 666 697 1101 1169 
189 438 667 698 1102 1170 
190 439 668 699 1103 1171 
191 440 669 700 1104 1172 
192 441 670 701 1105 1173 
193 442 671 702 1106 1174 
194 443 672 703 1107 1175 
195 444 673 704 1108 1176 
196 445 674 705 1109 1177 
197 446 675 706 1110 1178 
198 447 676 707 1111 1179 
199 448 677 708 1112 1180 
200 449 678 709 1113 1181 
201 450 679 710 1114 1182 
202 451 612 711 1115 1183 
203 452 613 712 1116 1184 
136 453 614 713 1117 1185 
137 454 615 714 1118 1186 
138 455 616 715 1119 1187 
139 456 617 716 1120 1188 
140 457 618 717 1121 1189 
141 458 619 718 1122 1190 
142 459 620 719 1123 1191 
143 460 621 720 1124 1192 
144 461 622 721 1125 1193 
145 462 623 722 1126 1194 
146 463 624 723 1127 1195 
147 464 625 724 1128 1196 
148 465 626 725 1129 1197 
149 466 627 726 1130 1198 
150 467 628 727 1131 1199 
151 468 629 728 1132 1200 
152 469 630 729 1133 1201 
153 470 631 730 1134 1202 
154 471 632 731 1135 1203 
155 472 633 732 1136 1204 
156 473 634 733 1137 1205 
157 474 635 734 1138 1206 
158 475 636 735 1139 1207 
159 408 637 736 1140 1208 
160 409 638 737 1141 1209 
161 410 639 738 1142 1210 
162 411 640 739 1143 1211 
163 412 641 740 1144 1212 
164 413 642 741 1145 1213 
165 414 643 742 1146 1214 
166 415 644 743 1147 1215 
167 416 645 744 1148 1216 
168 417 646 745 1149 1217 
169 418 647 746 1150 1218 
170 419 648 747 1151 1219 
171 420 649 680 1152 1220 
172 421 650 681 1153 1221 
173 422 651 682 1154 1222 
174 423 652 683 1155 1223 
163 257 626 698 1224 1292 
164 258 627 699 1225 1293 
165 259 628 700 1226 1294 
166 260 629 701 1227 1295 
167 261 630 702 1228 1296 
168 262 631 703 1229 1297 
169 263 632 704 1230 1298 
170 264 633 705 1231 1299 
171 265 634 706 1232 1300 
172 266 635 707 1233 1301 
173 267 636 708 1234 1302 
174 268 637 709 1235 1303 
175 269 638 710 1236 1304 
176 270 639 711 1237 1305 
177 271 640 712 1238 1306 
178 204 641 713 1239 1307 
179 205 642 714 1240 1308 
180 206 643 715 1241 1309 
181 207 644 716 1242 1310 
182 208 645 717 1243 1311 
183 209 646 718 1244 1312 
184 210 647 719 1245 1313 
185 211 648 720 1246 1314 
186 212 649 721 1247 1315 
187 213 650 722 1248 1316 
188 214 651 723 1249 1317 
189 215 652 724 1250 1318 
190 216 653 725 1251 1319 
191 217 654 726 1252 1320 
192 218 655 727 1253 1321 
193 219 656 728 1254 1322 
194 220 657 729 1255 1323 
195 221 658 730 1256 1324 
196 222 659 731 1257 1325 
197 223 660 732 1258 1326 
198 224 661 733 1259 1327 
199 225 662 734 1260 1328 
200 226 663 735 1261 1329 
201 227 664 736 1262 1330 
202 228 665 737 1263 1331 
203 229 666 738 1264 1332 
136 230 667 739 1265 1333 
137 231 668 740 1266 1334 
138 232 669 741 1267 1335 
139 233 670 742 1268 1336 
140 234 671 743 1269 1337 
141 235 672 744 1270 1338 
142 236 673 745 1271 1339 
143 237 674 746 1272 1340 
144 238 675 747 1273 1341 
145 239 676 680 1274 1342 
146 240 677 681 1275 1343 
147 241 678 682 1276 1344 
148 242 679 683 1277 1345 
149 243 612 684 1278 1346 
150 244 613 685 1279 1347 
151 245 614 686 1280 1348 
152 246 615 687 1281 1349 
153 247 616 688 1282 1350 
154 248 617 689 1283 1351 
155 249 618 690 1284 1352 
156 250 619 691 1285 1353 
157 251 620 692 1286 1354 
158 252 621 693 1287 1355 
159 253 622 694 1288 1356 
160 254 623 695 1289 1357 
161 255 624 696 1290 1358 
162 256 625 697 1291 1359 
79 141 410 659 1292 1360 
80 142 411 660 1293 1361 
81 143 412 661 1294 1362 
82 144 413 662 1295 1363 
83 145 414 663 1296 1364 
84 146 415 664 1297 1365 
85 147 416 665 1298 1366 
86 148 417 666 1299 1367 
87 149 418 667 1300 1368 
88 150 419 668 1301 1369 
89 151 420 669 1302 1370 
90 152 421 670 1303 1371 
91 153 422 671 1304 1372 
92 154 423 672 1305 1373 
93 155 424 673 1306 1374 
94 156 425 674 1307 1375 
95 157 426 675 1308 1376 
96 158 427 676 1309 1377 
97 159 428 677 1310 1378 
98 160 429 678 1311 1379 
99 161 430 679 1312 1380 
100 162 431 612 1313 1381 
101 163 432 613 1314 1382 
102 164 433 614 1315 1383 
103 165 434 615 1316 1384 
104 166 435 616 1317 1385 
105 167 436 617 1318 1386 
106 168 437 618 1319 1387 
107 169 438 619 1320 1388 
108 170 439 620 1321 1389 
109 171 440 621 1322 1390 
110 172 441 622 1323 1391 
111 173 442 623 1324 1392 
112 174 443 624 1325 1393 
113 175 444 625 1326 1394 
114 176 445 626 1327 1395 
115 177 446 627 1328 1396 
116 178 447 628 1329 1397 
117 179 448 629 1330 1398 
118 180 449 630 1331 1399 
119 181 450 631 1332 1400 
120 182 451 632 1333 1401 
121 183 452 633 1334 1402 
122 184 453 634 1335 1403 
123 185 454 635 1336 1404 
124 186 455 636 1337 1405 
125 187 456 637 1338 1406 
126 188 457 638 1339 1407 
127 189 458 639 1340 1408 
128 190 459 640 1341 1409 
129 191 460 641 1342 1410 
130 192 461 642 1343 1411 
131 193 462 643 1344 1412 
132 194 463 644 1345 1413 
133 195 464 645 1346 1414 
134 196 465 646 1347 1415 
135 197 466 647 1348 1416 
68 198 467 648 1349 1417 
69 199 468 649 1350 1418 
70 200 469 650 1351 1419 
71 201 470 651 1352 1420 
72 202 471 652 1353 1421 
73 203 472 653 1354 1422 
74 136 473 654 1355 1423 
75 137 474 655 1356 1424 
76 138 475 656 1357 1425 
77 139 408 657 1358 1426 
78 140 409 658 1359 1427 
366 535 682 752 1428 1496 
367 536 683 753 1429 1497 
368 537 684 754 1430 1498 
369 538 685 755 1431 1499 
370 539 686 756 1432 1500 
371 540 687 757 1433 1501 
372 541 688 758 1434 1502 
373 542 689 759 1435 1503 
374 543 690 760 1436 1504 
375 476 691 761 1437 1505 
376 477 692 762 1438 1506 
377 478 693 763 1439 1507 
378 479 694 764 1440 1508 
379 480 695 765 1441 1509 
380 481 696 766 1442 1510 
381 482 697 767 1443 1511 
382 483 698 768 1444 1512 
383 484 699 769 1445 1513 
384 485 700 770 1446 1514 
385 486 701 771 1447 1515 
386 487 702 772 1448 1516 
387 488 703 773 1449 1517 
388 489 704 774 1450 1518 
389 490 705 775 1451 1519 
390 491 706 776 1452 1520 
391 492 707 777 1453 1521 
392 493 708 778 1454 1522 
393 494 709 779 1455 1523 
394 495 710 780 1456 1524 
395 496 711 781 1457 1525 
396 497 712 782 1458 1526 
397 498 713 783 1459 1527 
398 499 714 784 1460 1528 
399 500 715 785 1461 1529 
400 501 716 786 1462 1530 
401 502 717 787 1463 1531 
402 503 718 788 1464 1532 
403 504 719 789 1465 1533 
404 505 720 790 1466 1534 
405 506 721 791 1467 1535 
406 507 722 792 1468 1536 
407 508 723 793 1469 1537 
340 509 724 794 1470 1538 
341 510 725 795 1471 1539 
342 511 726 796 1472 1540 
343 512 727 797 1473 1541 
344 513 728 798 1474 1542 
345 514 729 799 1475 1543 
346 515 730 800 1476 1544 
347 516 731 801 1477 1545 
348 517 732 802 1478 1546 
349 518 733 803 1479 1547 
350 519 734 804 1480 1548 
351 520 735 805 1481 1549 
352 521 736 806 1482 1550 
353 522 737 807 1483 1551 
354 523 738 808 1484 1552 
355 524 739 809 1485 1553 
356 525 740 810 1486 1554 
357 526 741 811 1487 1555 
358 527 742 812 1488 1556 
359 528 743 813 1489 1557 
360 529 744 814 1490 1558 
361 530 745 815 1491 1559 
362 531 746 748 1492 1560 
363 532 747 749 1493 1561 
364 533 680 750 1494 1562 
365 534 681 751 1495 1563 
143 269 583 661 1496 1564 
144 270 584 662 1497 1565 
145 271 585 663 1498 1566 
146 204 586 664 1499 1567 
147 205 587 665 1500 1568 
148 206 588 666 1501 1569 
149 207 589 667 1502 1570 
150 208 590 668 1503 1571 
151 209 591 669 1504 1572 
152 210 592 670 1505 1573 
153 211 593 671 1506 1574 
154 212 594 672 1507 1575 
155 213 595 673 1508 1576 
156 214 596 674 1509 1577 
157 215 597 675 1510 1578 
158 216 598 676 1511 1579 
159 217 599 677 1512 1580 
160 218 600 678 1513 1581 
161 219 601 679 1514 1582 
162 220 602 612 1515 1583 
163 221 603 613 1516 1584 
164 222 604 614 1517 1585 
165 223 605 615 1518 1586 
166 224 606 616 1519 1587 
167 225 607 617 1520 1588 
168 226 608 618 1521 1589 
169 227 609 619 1522 1590 
170 228 610 620 1523 1591 
171 229 611 621 1524 1592 
172 230 544 622 1525 1593 
173 231 545 623 1526 1594 
174 232 546 624 1527 1595 
175 233 547 625 1528 1596 
176 234 548 626 1529 1597 
177 235 549 627 1530 1598 
178 236 550 628 1531 1599 
179 237 551 629 1532 1600 
180 238 552 630 1533 1601 
181 239 553 631 1534 1602 
182 240 554 632 1535 1603 
183 241 555 633 1536 1604 
184 242 556 634 1537 1605 
185 243 557 635 1538 1606 
186 244 558 636 1539 1607 
187 245 559 637 1540 1608 
188 246 560 638 1541 1609 
189 247 561 639 1542 1610 
190 248 562 640 1543 1611 
191 249 563 641 1544 1612 
192 250 564 642 1545 1613 
193 251 565 643 1546 1614 
194 252 566 644 1547 1615 
195 253 567 645 1548 1616 
196 254 568 646 1549 1617 
197 255 569 647 1550 1618 
198 256 570 648 1551 1619 
199 257 571 649 1552 1620 
200 258 572 650 1553 1621 
201 259 573 651 1554 1622 
202 260 574 652 1555 1623 
203 261 575 653 1556 1624 
136 262 576 654 1557 1625 
137 263 577 655 1558 1626 
138 264 578 656 1559 1627 
139 265 579 657 1560 1628 
140 266 580 658 1561 1629 
141 267 581 659 1562 1630 
142 268 582 660 1563 1631 
43 406 517 774 823 1564 
44 407 518 775 824 1565 
45 340 519 776 825 1566 
46 341 520 777 826 1567 
47 342 521 778 827 1568 
48 343 522 779 828 1569 
49 344 523 780 829 1570 
50 345 524 781 830 1571 
51 346 525 782 831 1572 
52 347 526 783 832 1573 
53 348 527 784 833 1574 
54 349 528 785 834 1575 
55 350 529 786 835 1576 
56 351 530 787 836 1577 
57 352 531 788 837 1578 
58 353 532 789 838 1579 
59 354 533 790 839 1580 
60 355 534 791 840 1581 
61 356 535 792 841 1582 
62 357 536 793 842 1583 
63 358 537 794 843 1584 
64 359 538 795 844 1585 
65 360 539 796 845 1586 
66 361 540 797 846 1587 
67 362 541 798 847 1588 
0 363 542 799 848 1589 
1 364 543 800 849 1590 
2 365 476 801 850 1591 
3 366 477 802 851 1592 
4 367 478 803 852 1593 
5 368 479 804 853 1594 
6 369 480 805 854 1595 
7 370 481 806 855 1596 
8 371 482 807 856 1597 
9 372 483 808 857 1598 
10 373 484 809 858 1599 
11 374 485 810 859 1600 
12 375 486 811 860 1601 
13 376 487 812 861 1602 
14 377 488 813 862 1603 
15 378 489 814 863 1604 
16 379 490 815 864 1605 
17 380 491 748 865 1606 
18 381 492 749 866 1607 
19 382 493 750 867 1608 
20 383 494 751 868 1609 
21 384 495 752 869 1610 
22 385 496 753 870 1611 
23 386 497 754 871 1612 
24 387 498 755 872 1613 
25 388 499 756 873 1614 
26 389 500 757 874 1615 
27 390 501 758 875 1616 
28 391 502 759 876 1617 
29 392 503 760 877 1618 
30 393 504 761 878 1619 
31 394 505 762 879 1620 
32 395 506 763 880 1621 
33 396 507 764 881 1622 
34 397 508 765 882 1623 
35 398 509 766 883 1624 
36 399 510 767 816 1625 
37 400 511 768 817 1626 
38 401 512 769 818 1627 
39 402 513 770 819 1628 
40 403 514 771 820 1629 
41 404 515 772 821 1630 
42 405 516 773 822 1631 
95 362 419 485 760 884 952 
96 363 420 486 761 885 953 
97 364 421 487 762 886 954 
98 365 422 488 763 887 955 
99 366 423 489 764 888 956 
100 367 424 490 765 889 957 
101 368 425 491 766 890 958 
102 369 426 492 767 891 959 
103 370 427 493 768 892 960 
104 371 428 494 769 893 961 
105 372 429 495 770 894 962 
106 373 430 496 771 895 963 
107 374 431 497 772 896 964 
108 375 432 498 773 897 965 
109 376 433 499 774 898 966 
110 377 434 500 775 899 967 
111 378 435 501 776 900 968 
112 379 436 502 777 901 969 
113 380 437 503 778 902 970 
114 381 438 504 779 903 971 
115 382 439 505 780 904 972 
116 383 440 506 781 905 973 
117 384 441 507 782 906 974 
118 385 442 508 783 907 975 
119 386 443 509 784 908 976 
120 387 444 510 785 909 977 
121 388 445 511 786 910 978 
122 389 446 512 787 911 979 
123 390 447 513 788 912 980 
124 391 448 514 789 913 981 
125 392 449 515 790 914 982 
126 393 450 516 791 915 983 
127 394 451 517 792 916 984 
128 395 452 518 793 917 985 
129 396 453 519 794 918 986 
130 397 454 520 795 919 987 
131 398 455 521 796 920 988 
132 399 456 522 797 921 989 
133 400 457 523 798 922 990 
134 401 458 524 799 923 991 
135 402 459 525 800 924 992 
68 403 460 526 801 925 993 
69 404 461 527 802 926 994 
70 405 462 528 803 927 995 
71 406 463 529 804 928 996 
72 407 464 530 805 929 997 
73 340 465 531 806 930 998 
74 341 466 532 807 931 999 
75 342 467 533 808 932 1000 
76 343 468 534 809 933 1001 
77 344 469 535 810 934 1002 
78 345 470 536 811 935 1003 
79 346 471 537 812 936 1004 
80 347 472 538 813 937 1005 
81 348 473 539 814 938 1006 
82 349 474 540 815 939 1007 
83 350 475 541 748 940 1008 
84 351 408 542 749 941 1009 
85 352 409 543 750 942 1010 
86 353 410 476 751 943 1011 
87 354 411 477 752 944 1012 
88 355 412 478 753 945 1013 
89 356 413 479 754 946 1014 
90 357 414 480 755 947 1015 
91 358 415 481 756 948 1016 
92 359 416 482 757 949 1017 
93 360 417 483 758 950 1018 
94 361 418 484 759 951 1019 
228 294 353 509 748 952 1020 
229 295 354 510 749 953 1021 
230 296 355 511 750 954 1022 
231 297 356 512 751 955 1023 
232 298 357 513 752 956 1024 
233 299 358 514 753 957 1025 
234 300 359 515 754 958 1026 
235 301 360 516 755 959 1027 
236 302 361 517 756 960 1028 
237 303 362 518 757 961 1029 
238 304 363 519 758 962 1030 
239 305 364 520 759 963 1031 
240 306 365 521 760 964 1032 
241 307 366 522 761 965 1033 
242 308 367 523 762 966 1034 
243 309 368 524 763 967 1035 
244 310 369 525 764 968 1036 
245 311 370 526 765 969 1037 
246 312 371 527 766 970 1038 
247 313 372 528 767 971 1039 
248 314 373 529 768 972 1040 
249 315 374 530 769 973 1041 
250 316 375 531 770 974 1042 
251 317 376 532 771 975 1043 
252 318 377 533 772 976 1044 
253 319 378 534 773 977 1045 
254 320 379 535 774 978 1046 
255 321 380 536 775 979 1047 
256 322 381 537 776 980 1048 
257 323 382 538 777 981 1049 
258 324 383 539 778 982 1050 
259 325 384 540 779 983 1051 
260 326 385 541 780 984 1052 
261 327 386 542 781 985 1053 
262 328 387 543 782 986 1054 
263 329 388 476 783 987 1055 
264 330 389 477 784 988 1056 
265 331 390 478 785 989 1057 
266 332 391 479 786 990 1058 
267 333 392 480 787 991 1059 
268 334 393 481 788 992 1060 
269 335 394 482 789 993 1061 
270 336 395 483 790 994 1062 
271 337 396 484 791 995 1063 
204 338 397 485 792 996 1064 
205 339 398 486 793 997 1065 
206 272 399 487 794 998 1066 
207 273 400 488 795 999 1067 
208 274 401 489 796 1000 1068 
209 275 402 490 797 1001 1069 
210 276 403 491 798 1002 1070 
211 277 404 492 799 1003 1071 
212 278 405 493 800 1004 1072 
213 279 406 494 801 1005 1073 
214 280 407 495 802 1006 1074 
215 281 340 496 803 1007 1075 
216 282 341 497 804 1008 1076 
217 283 342 498 805 1009 1077 
218 284 343 499 806 1010 1078 
219 285 344 500 807 1011 1079 
220 286 345 501 808 1012 1080 
221 287 346 502 809 1013 1081 
222 288 347 503 810 1014 1082 
223 289 348 504 811 1015 1083 
224 290 349 505 812 1016 1084 
225 291 350 506 813 1017 1085 
226 292 351 507 814 1018 1086 
227 293 352 508 815 1019 1087 
318 380 490 759 816 1156 1224 
319 381 491 760 817 1157 1225 
320 382 492 761 818 1158 1226 
321 383 493 762 819 1159 1227 
322 384 494 763 820 1160 1228 
323 385 495 764 821 1161 1229 
324 386 496 765 822 1162 1230 
325 387 497 766 823 1163 1231 
326 388 498 767 824 1164 1232 
327 389 499 768 825 1165 1233 
328 390 500 769 826 1166 1234 
329 391 501 770 827 1167 1235 
330 392 502 771 828 1168 1236 
331 393 503 772 829 1169 1237 
332 394 504 773 830 1170 1238 
333 395 505 774 831 1171 1239 
334 396 506 775 832 1172 1240 
335 397 507 776 833 1173 1241 
336 398 508 777 834 1174 1242 
337 399 509 778 835 1175 1243 
338 400 510 779 836 1176 1244 
339 401 511 780 837 1177 1245 
272 402 512 781 838 1178 1246 
273 403 513 782 839 1179 1247 
274 404 514 783 840 1180 1248 
275 405 515 784 841 1181 1249 
276 406 516 785 842 1182 1250 
277 407 517 786 843 1183 1251 
278 340 518 787 844 1184 1252 
279 341 519 788 845 1185 1253 
280 342 520 789 846 1186 1254 
281 343 521 790 847 1187 1255 
282 344 522 791 848 1188 1256 
283 345 523 792 849 1189 1257 
284 346 524 793 850 1190 1258 
285 347 525 794 851 1191 1259 
286 348 526 795 852 1192 1260 
287 349 527 796 853 1193 1261 
288 350 528 797 854 1194 1262 
289 351 529 798 855 1195 1263 
290 352 530 799 856 1196 1264 
291 353 531 800 857 1197 1265 
292 354 532 801 858 1198 1266 
293 355 533 802 859 1199 1267 
294 356 534 803 860 1200 1268 
295 357 535 804 861 1201 1269 
296 358 536 805 862 1202 1270 
297 359 537 806 863 1203 1271 
298 360 538 807 864 1204 1272 
299 361 539 808 865 1205 1273 
300 362 540 809 866 1206 1274 
301 363 541 810 867 1207 1275 
302 364 542 811 868 1208 1276 
303 365 543 812 869 1209 1277 
304 366 476 813 870 1210 1278 
305 367 477 814 871 1211 1279 
306 368 478 815 872 1212 1280 
307 369 479 748 873 1213 1281 
308 370 480 749 874 1214 1282 
309 371 481 750 875 1215 1283 
310 372 482 751 876 1216 1284 
311 373 483 752 877 1217 1285 
312 374 484 753 878 1218 1286 
313 375 485 754 879 1219 1287 
314 376 486 755 880 1220 1288 
315 377 487 756 881 1221 1289 
316 378 488 757 882 1222 1290 
317 379 489 758 883 1223 1291 
12 287 364 519 799 1360 1428 
13 288 365 520 800 1361 1429 
14 289 366 521 801 1362 1430 
15 290 367 522 802 1363 1431 
16 291 368 523 803 1364 1432 
17 292 369 524 804 1365 1433 
18 293 370 525 805 1366 1434 
19 294 371 526 806 1367 1435 
20 295 372 527 807 1368 1436 
21 296 373 528 808 1369 1437 
22 297 374 529 809 1370 1438 
23 298 375 530 810 1371 1439 
24 299 376 531 811 1372 1440 
25 300 377 532 812 1373 1441 
26 301 378 533 813 1374 1442 
27 302 379 534 814 1375 1443 
28 303 380 535 815 1376 1444 
29 304 381 536 748 1377 1445 
30 305 382 537 749 1378 1446 
31 306 383 538 750 1379 1447 
32 307 384 539 751 1380 1448 
33 308 385 540 752 1381 1449 
34 309 386 541 753 1382 1450 
35 310 387 542 754 1383 1451 
36 311 388 543 755 1384 1452 
37 312 389 476 756 1385 1453 
38 313 390 477 757 1386 1454 
39 314 391 478 758 1387 1455 
40 315 392 479 759 1388 1456 
41 316 393 480 760 1389 1457 
42 317 394 481 761 1390 1458 
43 318 395 482 762 1391 1459 
44 319 396 483 763 1392 1460 
45 320 397 484 764 1393 1461 
46 321 398 485 765 1394 1462 
47 322 399 486 766 1395 1463 
48 323 400 487 767 1396 1464 
49 324 401 488 768 1397 1465 
50 325 402 489 769 1398 1466 
51 326 403 490 770 1399 1467 
52 327 404 491 771 1400 1468 
53 328 405 492 772 1401 1469 
54 329 406 493 773 1402 1470 
55 330 407 494 774 1403 1471 
56 331 340 495 775 1404 1472 
57 332 341 496 776 1405 1473 
58 333 342 497 777 1406 1474 
59 334 343 498 778 1407 1475 
60 335 344 499 779 1408 1476 
61 336 345 500 780 1409 1477 
62 337 346 501 781 1410 1478 
63 338 347 502 782 1411 1479 
64 339 348 503 783 1412 1480 
65 272 349 504 784 1413 1481 
66 273 350 505 785 1414 1482 
67 274 351 506 786 1415 1483 
0 275 352 507 787 1416 1484 
1 276 353 508 788 1417 1485 
2 277 354 509 789 1418 1486 
3 278 355 510 790 1419 1487 
4 279 356 511 791 1420 1488 
5 280 357 512 792 1421 1489 
6 281 358 513 793 1422 1490 
7 282 359 514 794 1423 1491 
8 283 360 515 795 1424 1492 
9 284 361 516 796 1425 1493 
10 285 362 517 797 1426 1494 
11 286 363 518 798 1427 1495 

