94 145 631 659 871 936 
95 146 632 660 872 937 
96 147 633 661 873 938 
97 148 634 662 874 939 
98 149 635 663 875 940 
99 150 636 664 876 941 
100 151 637 665 877 942 
101 152 638 666 878 943 
102 153 639 667 879 944 
103 154 640 668 880 945 
104 155 641 669 881 946 
105 156 642 670 882 947 
106 157 643 671 883 948 
107 158 644 672 884 949 
108 159 645 673 885 950 
109 160 646 674 886 951 
110 161 647 675 887 952 
111 162 576 676 888 953 
112 163 577 677 889 954 
113 164 578 678 890 955 
114 165 579 679 891 956 
115 166 580 680 892 957 
116 167 581 681 893 958 
117 168 582 682 894 959 
118 169 583 683 895 960 
119 170 584 684 896 961 
120 171 585 685 897 962 
121 172 586 686 898 963 
122 173 587 687 899 964 
123 174 588 688 900 965 
124 175 589 689 901 966 
125 176 590 690 902 967 
126 177 591 691 903 968 
127 178 592 692 904 969 
128 179 593 693 905 970 
129 180 594 694 906 971 
130 181 595 695 907 972 
131 182 596 696 908 973 
132 183 597 697 909 974 
133 184 598 698 910 975 
134 185 599 699 911 976 
135 186 600 700 912 977 
136 187 601 701 913 978 
137 188 602 702 914 979 
138 189 603 703 915 980 
139 190 604 704 916 981 
140 191 605 705 917 982 
141 192 606 706 918 983 
142 193 607 707 919 984 
143 194 608 708 920 985 
72 195 609 709 921 986 
73 196 610 710 922 987 
74 197 611 711 923 988 
75 198 612 712 924 989 
76 199 613 713 925 990 
77 200 614 714 926 991 
78 201 615 715 927 992 
79 202 616 716 928 993 
80 203 617 717 929 994 
81 204 618 718 930 995 
82 205 619 719 931 996 
83 206 620 648 932 997 
84 207 621 649 933 998 
85 208 622 650 934 999 
86 209 623 651 935 1000 
87 210 624 652 864 1001 
88 211 625 653 865 1002 
89 212 626 654 866 1003 
90 213 627 655 867 1004 
91 214 628 656 868 1005 
92 215 629 657 869 1006 
93 144 630 658 870 1007 
61 191 641 673 1080 1152 
62 192 642 674 1081 1153 
63 193 643 675 1082 1154 
64 194 644 676 1083 1155 
65 195 645 677 1084 1156 
66 196 646 678 1085 1157 
67 197 647 679 1086 1158 
68 198 576 680 1087 1159 
69 199 577 681 1088 1160 
70 200 578 682 1089 1161 
71 201 579 683 1090 1162 
0 202 580 684 1091 1163 
1 203 581 685 1092 1164 
2 204 582 686 1093 1165 
3 205 583 687 1094 1166 
4 206 584 688 1095 1167 
5 207 585 689 1096 1168 
6 208 586 690 1097 1169 
7 209 587 691 1098 1170 
8 210 588 692 1099 1171 
9 211 589 693 1100 1172 
10 212 590 694 1101 1173 
11 213 591 695 1102 1174 
12 214 592 696 1103 1175 
13 215 593 697 1104 1176 
14 144 594 698 1105 1177 
15 145 595 699 1106 1178 
16 146 596 700 1107 1179 
17 147 597 701 1108 1180 
18 148 598 702 1109 1181 
19 149 599 703 1110 1182 
20 150 600 704 1111 1183 
21 151 601 705 1112 1184 
22 152 602 706 1113 1185 
23 153 603 707 1114 1186 
24 154 604 708 1115 1187 
25 155 605 709 1116 1188 
26 156 606 710 1117 1189 
27 157 607 711 1118 1190 
28 158 608 712 1119 1191 
29 159 609 713 1120 1192 
30 160 610 714 1121 1193 
31 161 611 715 1122 1194 
32 162 612 716 1123 1195 
33 163 613 717 1124 1196 
34 164 614 718 1125 1197 
35 165 615 719 1126 1198 
36 166 616 648 1127 1199 
37 167 617 649 1128 1200 
38 168 618 650 1129 1201 
39 169 619 651 1130 1202 
40 170 620 652 1131 1203 
41 171 621 653 1132 1204 
42 172 622 654 1133 1205 
43 173 623 655 1134 1206 
44 174 624 656 1135 1207 
45 175 625 657 1136 1208 
46 176 626 658 1137 1209 
47 177 627 659 1138 1210 
48 178 628 660 1139 1211 
49 179 629 661 1140 1212 
50 180 630 662 1141 1213 
51 181 631 663 1142 1214 
52 182 632 664 1143 1215 
53 183 633 665 1144 1216 
54 184 634 666 1145 1217 
55 185 635 667 1146 1218 
56 186 636 668 1147 1219 
57 187 637 669 1148 1220 
58 188 638 670 1149 1221 
59 189 639 671 1150 1222 
60 190 640 672 1151 1223 
183 444 689 720 1152 1224 
184 445 690 721 1153 1225 
185 446 691 722 1154 1226 
186 447 692 723 1155 1227 
187 448 693 724 1156 1228 
188 449 694 725 1157 1229 
189 450 695 726 1158 1230 
190 451 696 727 1159 1231 
191 452 697 728 1160 1232 
192 453 698 729 1161 1233 
193 454 699 730 1162 1234 
194 455 700 731 1163 1235 
195 456 701 732 1164 1236 
196 457 702 733 1165 1237 
197 458 703 734 1166 1238 
198 459 704 735 1167 1239 
199 460 705 736 1168 1240 
200 461 706 737 1169 1241 
201 462 707 738 1170 1242 
202 463 708 739 1171 1243 
203 464 709 740 1172 1244 
204 465 710 741 1173 1245 
205 466 711 742 1174 1246 
206 467 712 743 1175 1247 
207 468 713 744 1176 1248 
208 469 714 745 1177 1249 
209 470 715 746 1178 1250 
210 471 716 747 1179 1251 
211 472 717 748 1180 1252 
212 473 718 749 1181 1253 
213 474 719 750 1182 1254 
214 475 648 751 1183 1255 
215 476 649 752 1184 1256 
144 477 650 753 1185 1257 
145 478 651 754 1186 1258 
146 479 652 755 1187 1259 
147 480 653 756 1188 1260 
148 481 654 757 1189 1261 
149 482 655 758 1190 1262 
150 483 656 759 1191 1263 
151 484 657 760 1192 1264 
152 485 658 761 1193 1265 
153 486 659 762 1194 1266 
154 487 660 763 1195 1267 
155 488 661 764 1196 1268 
156 489 662 765 1197 1269 
157 490 663 766 1198 1270 
158 491 664 767 1199 1271 
159 492 665 768 1200 1272 
160 493 666 769 1201 1273 
161 494 667 770 1202 1274 
162 495 668 771 1203 1275 
163 496 669 772 1204 1276 
164 497 670 773 1205 1277 
165 498 671 774 1206 1278 
166 499 672 775 1207 1279 
167 500 673 776 1208 1280 
168 501 674 777 1209 1281 
169 502 675 778 1210 1282 
170 503 676 779 1211 1283 
171 432 677 780 1212 1284 
172 433 678 781 1213 1285 
173 434 679 782 1214 1286 
174 435 680 783 1215 1287 
175 436 681 784 1216 1288 
176 437 682 785 1217 1289 
177 438 683 786 1218 1290 
178 439 684 787 1219 1291 
179 440 685 788 1220 1292 
180 441 686 789 1221 1293 
181 442 687 790 1222 1294 
182 443 688 791 1223 1295 
167 269 662 738 1296 1368 
168 270 663 739 1297 1369 
169 271 664 740 1298 1370 
170 272 665 741 1299 1371 
171 273 666 742 1300 1372 
172 274 667 743 1301 1373 
173 275 668 744 1302 1374 
174 276 669 745 1303 1375 
175 277 670 746 1304 1376 
176 278 671 747 1305 1377 
177 279 672 748 1306 1378 
178 280 673 749 1307 1379 
179 281 674 750 1308 1380 
180 282 675 751 1309 1381 
181 283 676 752 1310 1382 
182 284 677 753 1311 1383 
183 285 678 754 1312 1384 
184 286 679 755 1313 1385 
185 287 680 756 1314 1386 
186 216 681 757 1315 1387 
187 217 682 758 1316 1388 
188 218 683 759 1317 1389 
189 219 684 760 1318 1390 
190 220 685 761 1319 1391 
191 221 686 762 1320 1392 
192 222 687 763 1321 1393 
193 223 688 764 1322 1394 
194 224 689 765 1323 1395 
195 225 690 766 1324 1396 
196 226 691 767 1325 1397 
197 227 692 768 1326 1398 
198 228 693 769 1327 1399 
199 229 694 770 1328 1400 
200 230 695 771 1329 1401 
201 231 696 772 1330 1402 
202 232 697 773 1331 1403 
203 233 698 774 1332 1404 
204 234 699 775 1333 1405 
205 235 700 776 1334 1406 
206 236 701 777 1335 1407 
207 237 702 778 1336 1408 
208 238 703 779 1337 1409 
209 239 704 780 1338 1410 
210 240 705 781 1339 1411 
211 241 706 782 1340 1412 
212 242 707 783 1341 1413 
213 243 708 784 1342 1414 
214 244 709 785 1343 1415 
215 245 710 786 1344 1416 
144 246 711 787 1345 1417 
145 247 712 788 1346 1418 
146 248 713 789 1347 1419 
147 249 714 790 1348 1420 
148 250 715 791 1349 1421 
149 251 716 720 1350 1422 
150 252 717 721 1351 1423 
151 253 718 722 1352 1424 
152 254 719 723 1353 1425 
153 255 648 724 1354 1426 
154 256 649 725 1355 1427 
155 257 650 726 1356 1428 
156 258 651 727 1357 1429 
157 259 652 728 1358 1430 
158 260 653 729 1359 1431 
159 261 654 730 1360 1432 
160 262 655 731 1361 1433 
161 263 656 732 1362 1434 
162 264 657 733 1363 1435 
163 265 658 734 1364 1436 
164 266 659 735 1365 1437 
165 267 660 736 1366 1438 
166 268 661 737 1367 1439 
83 145 434 695 1368 1440 
84 146 435 696 1369 1441 
85 147 436 697 1370 1442 
86 148 437 698 1371 1443 
87 149 438 699 1372 1444 
88 150 439 700 1373 1445 
89 151 440 701 1374 1446 
90 152 441 702 1375 1447 
91 153 442 703 1376 1448 
92 154 443 704 1377 1449 
93 155 444 705 1378 1450 
94 156 445 706 1379 1451 
95 157 446 707 1380 1452 
96 158 447 708 1381 1453 
97 159 448 709 1382 1454 
98 160 449 710 1383 1455 
99 161 450 711 1384 1456 
100 162 451 712 1385 1457 
101 163 452 713 1386 1458 
102 164 453 714 1387 1459 
103 165 454 715 1388 1460 
104 166 455 716 1389 1461 
105 167 456 717 1390 1462 
106 168 457 718 1391 1463 
107 169 458 719 1392 1464 
108 170 459 648 1393 1465 
109 171 460 649 1394 1466 
110 172 461 650 1395 1467 
111 173 462 651 1396 1468 
112 174 463 652 1397 1469 
113 175 464 653 1398 1470 
114 176 465 654 1399 1471 
115 177 466 655 1400 1472 
116 178 467 656 1401 1473 
117 179 468 657 1402 1474 
118 180 469 658 1403 1475 
119 181 470 659 1404 1476 
120 182 471 660 1405 1477 
121 183 472 661 1406 1478 
122 184 473 662 1407 1479 
123 185 474 663 1408 1480 
124 186 475 664 1409 1481 
125 187 476 665 1410 1482 
126 188 477 666 1411 1483 
127 189 478 667 1412 1484 
128 190 479 668 1413 1485 
129 191 480 669 1414 1486 
130 192 481 670 1415 1487 
131 193 482 671 1416 1488 
132 194 483 672 1417 1489 
133 195 484 673 1418 1490 
134 196 485 674 1419 1491 
135 197 486 675 1420 1492 
136 198 487 676 1421 1493 
137 199 488 677 1422 1494 
138 200 489 678 1423 1495 
139 201 490 679 1424 1496 
140 202 491 680 1425 1497 
141 203 492 681 1426 1498 
142 204 493 682 1427 1499 
143 205 494 683 1428 1500 
72 206 495 684 1429 1501 
73 207 496 685 1430 1502 
74 208 497 686 1431 1503 
75 209 498 687 1432 1504 
76 210 499 688 1433 1505 
77 211 500 689 1434 1506 
78 212 501 690 1435 1507 
79 213 502 691 1436 1508 
80 214 503 692 1437 1509 
81 215 432 693 1438 1510 
82 144 433 694 1439 1511 
382 563 790 792 1512 1584 
383 564 791 793 1513 1585 
384 565 720 794 1514 1586 
385 566 721 795 1515 1587 
386 567 722 796 1516 1588 
387 568 723 797 1517 1589 
388 569 724 798 1518 1590 
389 570 725 799 1519 1591 
390 571 726 800 1520 1592 
391 572 727 801 1521 1593 
392 573 728 802 1522 1594 
393 574 729 803 1523 1595 
394 575 730 804 1524 1596 
395 504 731 805 1525 1597 
396 505 732 806 1526 1598 
397 506 733 807 1527 1599 
398 507 734 808 1528 1600 
399 508 735 809 1529 1601 
400 509 736 810 1530 1602 
401 510 737 811 1531 1603 
402 511 738 812 1532 1604 
403 512 739 813 1533 1605 
404 513 740 814 1534 1606 
405 514 741 815 1535 1607 
406 515 742 816 1536 1608 
407 516 743 817 1537 1609 
408 517 744 818 1538 1610 
409 518 745 819 1539 1611 
410 519 746 820 1540 1612 
411 520 747 821 1541 1613 
412 521 748 822 1542 1614 
413 522 749 823 1543 1615 
414 523 750 824 1544 1616 
415 524 751 825 1545 1617 
416 525 752 826 1546 1618 
417 526 753 827 1547 1619 
418 527 754 828 1548 1620 
419 528 755 829 1549 1621 
420 529 756 830 1550 1622 
421 530 757 831 1551 1623 
422 531 758 832 1552 1624 
423 532 759 833 1553 1625 
424 533 760 834 1554 1626 
425 534 761 835 1555 1627 
426 535 762 836 1556 1628 
427 536 763 837 1557 1629 
428 537 764 838 1558 1630 
429 538 765 839 1559 1631 
430 539 766 840 1560 1632 
431 540 767 841 1561 1633 
360 541 768 842 1562 1634 
361 542 769 843 1563 1635 
362 543 770 844 1564 1636 
363 544 771 845 1565 1637 
364 545 772 846 1566 1638 
365 546 773 847 1567 1639 
366 547 774 848 1568 1640 
367 548 775 849 1569 1641 
368 549 776 850 1570 1642 
369 550 777 851 1571 1643 
370 551 778 852 1572 1644 
371 552 779 853 1573 1645 
372 553 780 854 1574 1646 
373 554 781 855 1575 1647 
374 555 782 856 1576 1648 
375 556 783 857 1577 1649 
376 557 784 858 1578 1650 
377 558 785 859 1579 1651 
378 559 786 860 1580 1652 
379 560 787 861 1581 1653 
380 561 788 862 1582 1654 
381 562 789 863 1583 1655 
151 281 615 697 1584 1656 
152 282 616 698 1585 1657 
153 283 617 699 1586 1658 
154 284 618 700 1587 1659 
155 285 619 701 1588 1660 
156 286 620 702 1589 1661 
157 287 621 703 1590 1662 
158 216 622 704 1591 1663 
159 217 623 705 1592 1664 
160 218 624 706 1593 1665 
161 219 625 707 1594 1666 
162 220 626 708 1595 1667 
163 221 627 709 1596 1668 
164 222 628 710 1597 1669 
165 223 629 711 1598 1670 
166 224 630 712 1599 1671 
167 225 631 713 1600 1672 
168 226 632 714 1601 1673 
169 227 633 715 1602 1674 
170 228 634 716 1603 1675 
171 229 635 717 1604 1676 
172 230 636 718 1605 1677 
173 231 637 719 1606 1678 
174 232 638 648 1607 1679 
175 233 639 649 1608 1680 
176 234 640 650 1609 1681 
177 235 641 651 1610 1682 
178 236 642 652 1611 1683 
179 237 643 653 1612 1684 
180 238 644 654 1613 1685 
181 239 645 655 1614 1686 
182 240 646 656 1615 1687 
183 241 647 657 1616 1688 
184 242 576 658 1617 1689 
185 243 577 659 1618 1690 
186 244 578 660 1619 1691 
187 245 579 661 1620 1692 
188 246 580 662 1621 1693 
189 247 581 663 1622 1694 
190 248 582 664 1623 1695 
191 249 583 665 1624 1696 
192 250 584 666 1625 1697 
193 251 585 667 1626 1698 
194 252 586 668 1627 1699 
195 253 587 669 1628 1700 
196 254 588 670 1629 1701 
197 255 589 671 1630 1702 
198 256 590 672 1631 1703 
199 257 591 673 1632 1704 
200 258 592 674 1633 1705 
201 259 593 675 1634 1706 
202 260 594 676 1635 1707 
203 261 595 677 1636 1708 
204 262 596 678 1637 1709 
205 263 597 679 1638 1710 
206 264 598 680 1639 1711 
207 265 599 681 1640 1712 
208 266 600 682 1641 1713 
209 267 601 683 1642 1714 
210 268 602 684 1643 1715 
211 269 603 685 1644 1716 
212 270 604 686 1645 1717 
213 271 605 687 1646 1718 
214 272 606 688 1647 1719 
215 273 607 689 1648 1720 
144 274 608 690 1649 1721 
145 275 609 691 1650 1722 
146 276 610 692 1651 1723 
147 277 611 693 1652 1724 
148 278 612 694 1653 1725 
149 279 613 695 1654 1726 
150 280 614 696 1655 1727 
43 426 545 818 871 1656 
44 427 546 819 872 1657 
45 428 547 820 873 1658 
46 429 548 821 874 1659 
47 430 549 822 875 1660 
48 431 550 823 876 1661 
49 360 551 824 877 1662 
50 361 552 825 878 1663 
51 362 553 826 879 1664 
52 363 554 827 880 1665 
53 364 555 828 881 1666 
54 365 556 829 882 1667 
55 366 557 830 883 1668 
56 367 558 831 884 1669 
57 368 559 832 885 1670 
58 369 560 833 886 1671 
59 370 561 834 887 1672 
60 371 562 835 888 1673 
61 372 563 836 889 1674 
62 373 564 837 890 1675 
63 374 565 838 891 1676 
64 375 566 839 892 1677 
65 376 567 840 893 1678 
66 377 568 841 894 1679 
67 378 569 842 895 1680 
68 379 570 843 896 1681 
69 380 571 844 897 1682 
70 381 572 845 898 1683 
71 382 573 846 899 1684 
0 383 574 847 900 1685 
1 384 575 848 901 1686 
2 385 504 849 902 1687 
3 386 505 850 903 1688 
4 387 506 851 904 1689 
5 388 507 852 905 1690 
6 389 508 853 906 1691 
7 390 509 854 907 1692 
8 391 510 855 908 1693 
9 392 511 856 909 1694 
10 393 512 857 910 1695 
11 394 513 858 911 1696 
12 395 514 859 912 1697 
13 396 515 860 913 1698 
14 397 516 861 914 1699 
15 398 517 862 915 1700 
16 399 518 863 916 1701 
17 400 519 792 917 1702 
18 401 520 793 918 1703 
19 402 521 794 919 1704 
20 403 522 795 920 1705 
21 404 523 796 921 1706 
22 405 524 797 922 1707 
23 406 525 798 923 1708 
24 407 526 799 924 1709 
25 408 527 800 925 1710 
26 409 528 801 926 1711 
27 410 529 802 927 1712 
28 411 530 803 928 1713 
29 412 531 804 929 1714 
30 413 532 805 930 1715 
31 414 533 806 931 1716 
32 415 534 807 932 1717 
33 416 535 808 933 1718 
34 417 536 809 934 1719 
35 418 537 810 935 1720 
36 419 538 811 864 1721 
37 420 539 812 865 1722 
38 421 540 813 866 1723 
39 422 541 814 867 1724 
40 423 542 815 868 1725 
41 424 543 816 869 1726 
42 425 544 817 870 1727 
99 382 439 513 804 936 1008 
100 383 440 514 805 937 1009 
101 384 441 515 806 938 1010 
102 385 442 516 807 939 1011 
103 386 443 517 808 940 1012 
104 387 444 518 809 941 1013 
105 388 445 519 810 942 1014 
106 389 446 520 811 943 1015 
107 390 447 521 812 944 1016 
108 391 448 522 813 945 1017 
109 392 449 523 814 946 1018 
110 393 450 524 815 947 1019 
111 394 451 525 816 948 1020 
112 395 452 526 817 949 1021 
113 396 453 527 818 950 1022 
114 397 454 528 819 951 1023 
115 398 455 529 820 952 1024 
116 399 456 530 821 953 1025 
117 400 457 531 822 954 1026 
118 401 458 532 823 955 1027 
119 402 459 533 824 956 1028 
120 403 460 534 825 957 1029 
121 404 461 535 826 958 1030 
122 405 462 536 827 959 1031 
123 406 463 537 828 960 1032 
124 407 464 538 829 961 1033 
125 408 465 539 830 962 1034 
126 409 466 540 831 963 1035 
127 410 467 541 832 964 1036 
128 411 468 542 833 965 1037 
129 412 469 543 834 966 1038 
130 413 470 544 835 967 1039 
131 414 471 545 836 968 1040 
132 415 472 546 837 969 1041 
133 416 473 547 838 970 1042 
134 417 474 548 839 971 1043 
135 418 475 549 840 972 1044 
136 419 476 550 841 973 1045 
137 420 477 551 842 974 1046 
138 421 478 552 843 975 1047 
139 422 479 553 844 976 1048 
140 423 480 554 845 977 1049 
141 424 481 555 846 978 1050 
142 425 482 556 847 979 1051 
143 426 483 557 848 980 1052 
72 427 484 558 849 981 1053 
73 428 485 559 850 982 1054 
74 429 486 560 851 983 1055 
75 430 487 561 852 984 1056 
76 431 488 562 853 985 1057 
77 360 489 563 854 986 1058 
78 361 490 564 855 987 1059 
79 362 491 565 856 988 1060 
80 363 492 566 857 989 1061 
81 364 493 567 858 990 1062 
82 365 494 568 859 991 1063 
83 366 495 569 860 992 1064 
84 367 496 570 861 993 1065 
85 368 497 571 862 994 1066 
86 369 498 572 863 995 1067 
87 370 499 573 792 996 1068 
88 371 500 574 793 997 1069 
89 372 501 575 794 998 1070 
90 373 502 504 795 999 1071 
91 374 503 505 796 1000 1072 
92 375 432 506 797 1001 1073 
93 376 433 507 798 1002 1074 
94 377 434 508 799 1003 1075 
95 378 435 509 800 1004 1076 
96 379 436 510 801 1005 1077 
97 380 437 511 802 1006 1078 
98 381 438 512 803 1007 1079 
240 310 369 537 792 1008 1080 
241 311 370 538 793 1009 1081 
242 312 371 539 794 1010 1082 
243 313 372 540 795 1011 1083 
244 314 373 541 796 1012 1084 
245 315 374 542 797 1013 1085 
246 316 375 543 798 1014 1086 
247 317 376 544 799 1015 1087 
248 318 377 545 800 1016 1088 
249 319 378 546 801 1017 1089 
250 320 379 547 802 1018 1090 
251 321 380 548 803 1019 1091 
252 322 381 549 804 1020 1092 
253 323 382 550 805 1021 1093 
254 324 383 551 806 1022 1094 
255 325 384 552 807 1023 1095 
256 326 385 553 808 1024 1096 
257 327 386 554 809 1025 1097 
258 328 387 555 810 1026 1098 
259 329 388 556 811 1027 1099 
260 330 389 557 812 1028 1100 
261 331 390 558 813 1029 1101 
262 332 391 559 814 1030 1102 
263 333 392 560 815 1031 1103 
264 334 393 561 816 1032 1104 
265 335 394 562 817 1033 1105 
266 336 395 563 818 1034 1106 
267 337 396 564 819 1035 1107 
268 338 397 565 820 1036 1108 
269 339 398 566 821 1037 1109 
270 340 399 567 822 1038 1110 
271 341 400 568 823 1039 1111 
272 342 401 569 824 1040 1112 
273 343 402 570 825 1041 1113 
274 344 403 571 826 1042 1114 
275 345 404 572 827 1043 1115 
276 346 405 573 828 1044 1116 
277 347 406 574 829 1045 1117 
278 348 407 575 830 1046 1118 
279 349 408 504 831 1047 1119 
280 350 409 505 832 1048 1120 
281 351 410 506 833 1049 1121 
282 352 411 507 834 1050 1122 
283 353 412 508 835 1051 1123 
284 354 413 509 836 1052 1124 
285 355 414 510 837 1053 1125 
286 356 415 511 838 1054 1126 
287 357 416 512 839 1055 1127 
216 358 417 513 840 1056 1128 
217 359 418 514 841 1057 1129 
218 288 419 515 842 1058 1130 
219 289 420 516 843 1059 1131 
220 290 421 517 844 1060 1132 
221 291 422 518 845 1061 1133 
222 292 423 519 846 1062 1134 
223 293 424 520 847 1063 1135 
224 294 425 521 848 1064 1136 
225 295 426 522 849 1065 1137 
226 296 427 523 850 1066 1138 
227 297 428 524 851 1067 1139 
228 298 429 525 852 1068 1140 
229 299 430 526 853 1069 1141 
230 300 431 527 854 1070 1142 
231 301 360 528 855 1071 1143 
232 302 361 529 856 1072 1144 
233 303 362 530 857 1073 1145 
234 304 363 531 858 1074 1146 
235 305 364 532 859 1075 1147 
236 306 365 533 860 1076 1148 
237 307 366 534 861 1077 1149 
238 308 367 535 862 1078 1150 
239 309 368 536 863 1079 1151 
334 400 514 799 864 1224 1296 
335 401 515 800 865 1225 1297 
336 402 516 801 866 1226 1298 
337 403 517 802 867 1227 1299 
338 404 518 803 868 1228 1300 
339 405 519 804 869 1229 1301 
340 406 520 805 870 1230 1302 
341 407 521 806 871 1231 1303 
342 408 522 807 872 1232 1304 
343 409 523 808 873 1233 1305 
344 410 524 809 874 1234 1306 
345 411 525 810 875 1235 1307 
346 412 526 811 876 1236 1308 
347 413 527 812 877 1237 1309 
348 414 528 813 878 1238 1310 
349 415 529 814 879 1239 1311 
350 416 530 815 880 1240 1312 
351 417 531 816 881 1241 1313 
352 418 532 817 882 1242 1314 
353 419 533 818 883 1243 1315 
354 420 534 819 884 1244 1316 
355 421 535 820 885 1245 1317 
356 422 536 821 886 1246 1318 
357 423 537 822 887 1247 1319 
358 424 538 823 888 1248 1320 
359 425 539 824 889 1249 1321 
288 426 540 825 890 1250 1322 
289 427 541 826 891 1251 1323 
290 428 542 827 892 1252 1324 
291 429 543 828 893 1253 1325 
292 430 544 829 894 1254 1326 
293 431 545 830 895 1255 1327 
294 360 546 831 896 1256 1328 
295 361 547 832 897 1257 1329 
296 362 548 833 898 1258 1330 
297 363 549 834 899 1259 1331 
298 364 550 835 900 1260 1332 
299 365 551 836 901 1261 1333 
300 366 552 837 902 1262 1334 
301 367 553 838 903 1263 1335 
302 368 554 839 904 1264 1336 
303 369 555 840 905 1265 1337 
304 370 556 841 906 1266 1338 
305 371 557 842 907 1267 1339 
306 372 558 843 908 1268 1340 
307 373 559 844 909 1269 1341 
308 374 560 845 910 1270 1342 
309 375 561 846 911 1271 1343 
310 376 562 847 912 1272 1344 
311 377 563 848 913 1273 1345 
312 378 564 849 914 1274 1346 
313 379 565 850 915 1275 1347 
314 380 566 851 916 1276 1348 
315 381 567 852 917 1277 1349 
316 382 568 853 918 1278 1350 
317 383 569 854 919 1279 1351 
318 384 570 855 920 1280 1352 
319 385 571 856 921 1281 1353 
320 386 572 857 922 1282 1354 
321 387 573 858 923 1283 1355 
322 388 574 859 924 1284 1356 
323 389 575 860 925 1285 1357 
324 390 504 861 926 1286 1358 
325 391 505 862 927 1287 1359 
326 392 506 863 928 1288 1360 
327 393 507 792 929 1289 1361 
328 394 508 793 930 1290 1362 
329 395 509 794 931 1291 1363 
330 396 510 795 932 1292 1364 
331 397 511 796 933 1293 1365 
332 398 512 797 934 1294 1366 
333 399 513 798 935 1295 1367 
12 299 384 547 843 1440 1512 
13 300 385 548 844 1441 1513 
14 301 386 549 845 1442 1514 
15 302 387 550 846 1443 1515 
16 303 388 551 847 1444 1516 
17 304 389 552 848 1445 1517 
18 305 390 553 849 1446 1518 
19 306 391 554 850 1447 1519 
20 307 392 555 851 1448 1520 
21 308 393 556 852 1449 1521 
22 309 394 557 853 1450 1522 
23 310 395 558 854 1451 1523 
24 311 396 559 855 1452 1524 
25 312 397 560 856 1453 1525 
26 313 398 561 857 1454 1526 
27 314 399 562 858 1455 1527 
28 315 400 563 859 1456 1528 
29 316 401 564 860 1457 1529 
30 317 402 565 861 1458 1530 
31 318 403 566 862 1459 1531 
32 319 404 567 863 1460 1532 
33 320 405 568 792 1461 1533 
34 321 406 569 793 1462 1534 
35 322 407 570 794 1463 1535 
36 323 408 571 795 1464 1536 
37 324 409 572 796 1465 1537 
38 325 410 573 797 1466 1538 
39 326 411 574 798 1467 1539 
40 327 412 575 799 1468 1540 
41 328 413 504 800 1469 1541 
42 329 414 505 801 1470 1542 
43 330 415 506 802 1471 1543 
44 331 416 507 803 1472 1544 
45 332 417 508 804 1473 1545 
46 333 418 509 805 1474 1546 
47 334 419 510 806 1475 1547 
48 335 420 511 807 1476 1548 
49 336 421 512 808 1477 1549 
50 337 422 513 809 1478 1550 
51 338 423 514 810 1479 1551 
52 339 424 515 811 1480 1552 
53 340 425 516 812 1481 1553 
54 341 426 517 813 1482 1554 
55 342 427 518 814 1483 1555 
56 343 428 519 815 1484 1556 
57 344 429 520 816 1485 1557 
58 345 430 521 817 1486 1558 
59 346 431 522 818 1487 1559 
60 347 360 523 819 1488 1560 
61 348 361 524 820 1489 1561 
62 349 362 525 821 1490 1562 
63 350 363 526 822 1491 1563 
64 351 364 527 823 1492 1564 
65 352 365 528 824 1493 1565 
66 353 366 529 825 1494 1566 
67 354 367 530 826 1495 1567 
68 355 368 531 827 1496 1568 
69 356 369 532 828 1497 1569 
70 357 370 533 829 1498 1570 
71 358 371 534 830 1499 1571 
0 359 372 535 831 1500 1572 
1 288 373 536 832 1501 1573 
2 289 374 537 833 1502 1574 
3 290 375 538 834 1503 1575 
4 291 376 539 835 1504 1576 
5 292 377 540 836 1505 1577 
6 293 378 541 837 1506 1578 
7 294 379 542 838 1507 1579 
8 295 380 543 839 1508 1580 
9 296 381 544 840 1509 1581 
10 297 382 545 841 1510 1582 
11 298 383 546 842 1511 1583 

