1 97 199 335 364 523 588 656 734 844 874 969 1013 1080 1188 1244 1300 1373 1448 1512 
2 98 200 336 365 524 589 657 735 845 875 970 1014 1081 1189 1245 1301 1374 1449 1513 
3 99 201 337 366 525 590 658 736 846 876 971 1015 1082 1190 1246 1302 1375 1450 1514 
4 100 202 338 367 526 591 659 737 847 877 972 1016 1083 1191 1247 1303 1376 1451 1515 
5 101 203 339 368 527 592 660 738 848 878 973 1017 1084 1192 1248 1304 1377 1452 1516 
6 102 204 340 369 528 593 661 739 849 879 974 1018 1085 1193 1249 1305 1378 1453 1517 
7 103 205 341 370 529 594 662 740 850 880 975 1019 1086 1194 1250 1306 1379 1454 1518 
8 104 206 342 371 530 595 663 741 851 881 976 1020 1087 1195 1251 1307 1380 1455 1519 
9 105 207 343 372 531 596 664 742 852 882 977 1021 1088 1196 1252 1308 1381 1456 1520 
10 106 208 344 373 532 597 665 743 853 883 978 1022 1089 1197 1253 1309 1382 1457 1521 
11 107 209 345 374 533 598 666 744 854 884 979 1023 1090 1198 1254 1310 1383 1458 1522 
12 108 210 346 375 534 599 667 745 855 885 980 1024 1091 1199 1255 1311 1384 1459 1523 
13 109 211 347 376 535 600 668 746 856 886 981 1025 1092 1200 1256 1312 1385 1460 1524 
14 110 212 348 377 536 601 669 747 857 887 982 1026 1093 1201 1257 1313 1386 1461 1525 
15 111 213 349 378 537 602 670 748 858 888 983 1027 1094 1202 1258 1314 1387 1462 1526 
16 112 214 350 379 538 603 671 749 859 889 984 1028 1095 1203 1259 1315 1388 1463 1527 
17 113 215 351 380 539 604 672 750 860 890 985 1029 1096 1204 1260 1316 1389 1464 1528 
18 114 144 352 381 540 605 673 751 861 891 986 1030 1097 1205 1261 1317 1390 1465 1529 
19 115 145 353 382 541 606 674 752 862 892 987 1031 1098 1206 1262 1318 1391 1466 1530 
20 116 146 354 383 542 607 675 753 863 893 988 1032 1099 1207 1263 1319 1392 1467 1531 
21 117 147 355 384 543 608 676 754 792 894 989 1033 1100 1208 1264 1320 1393 1468 1532 
22 118 148 356 385 544 609 677 755 793 895 990 1034 1101 1209 1265 1321 1394 1469 1533 
23 119 149 357 386 545 610 678 756 794 896 991 1035 1102 1210 1266 1322 1395 1470 1534 
24 120 150 358 387 546 611 679 757 795 897 992 1036 1103 1211 1267 1323 1396 1471 1535 
25 121 151 359 388 547 612 680 758 796 898 993 1037 1104 1212 1268 1324 1397 1472 1536 
26 122 152 288 389 548 613 681 759 797 899 994 1038 1105 1213 1269 1325 1398 1473 1537 
27 123 153 289 390 549 614 682 760 798 900 995 1039 1106 1214 1270 1326 1399 1474 1538 
28 124 154 290 391 550 615 683 761 799 901 996 1040 1107 1215 1271 1327 1400 1475 1539 
29 125 155 291 392 551 616 684 762 800 902 997 1041 1108 1216 1272 1328 1401 1476 1540 
30 126 156 292 393 552 617 685 763 801 903 998 1042 1109 1217 1273 1329 1402 1477 1541 
31 127 157 293 394 553 618 686 764 802 904 999 1043 1110 1218 1274 1330 1403 1478 1542 
32 128 158 294 395 554 619 687 765 803 905 1000 1044 1111 1219 1275 1331 1404 1479 1543 
33 129 159 295 396 555 620 688 766 804 906 1001 1045 1112 1220 1276 1332 1405 1480 1544 
34 130 160 296 397 556 621 689 767 805 907 1002 1046 1113 1221 1277 1333 1406 1481 1545 
35 131 161 297 398 557 622 690 768 806 908 1003 1047 1114 1222 1278 1334 1407 1482 1546 
36 132 162 298 399 558 623 691 769 807 909 1004 1048 1115 1223 1279 1335 1408 1483 1547 
37 133 163 299 400 559 624 692 770 808 910 1005 1049 1116 1152 1280 1336 1409 1484 1548 
38 134 164 300 401 560 625 693 771 809 911 1006 1050 1117 1153 1281 1337 1410 1485 1549 
39 135 165 301 402 561 626 694 772 810 912 1007 1051 1118 1154 1282 1338 1411 1486 1550 
40 136 166 302 403 562 627 695 773 811 913 936 1052 1119 1155 1283 1339 1412 1487 1551 
41 137 167 303 404 563 628 696 774 812 914 937 1053 1120 1156 1284 1340 1413 1488 1552 
42 138 168 304 405 564 629 697 775 813 915 938 1054 1121 1157 1285 1341 1414 1489 1553 
43 139 169 305 406 565 630 698 776 814 916 939 1055 1122 1158 1286 1342 1415 1490 1554 
44 140 170 306 407 566 631 699 777 815 917 940 1056 1123 1159 1287 1343 1416 1491 1555 
45 141 171 307 408 567 632 700 778 816 918 941 1057 1124 1160 1288 1344 1417 1492 1556 
46 142 172 308 409 568 633 701 779 817 919 942 1058 1125 1161 1289 1345 1418 1493 1557 
47 143 173 309 410 569 634 702 780 818 920 943 1059 1126 1162 1290 1346 1419 1494 1558 
48 72 174 310 411 570 635 703 781 819 921 944 1060 1127 1163 1291 1347 1420 1495 1559 
49 73 175 311 412 571 636 704 782 820 922 945 1061 1128 1164 1292 1348 1421 1496 1560 
50 74 176 312 413 572 637 705 783 821 923 946 1062 1129 1165 1293 1349 1422 1497 1561 
51 75 177 313 414 573 638 706 784 822 924 947 1063 1130 1166 1294 1350 1423 1498 1562 
52 76 178 314 415 574 639 707 785 823 925 948 1064 1131 1167 1295 1351 1424 1499 1563 
53 77 179 315 416 575 640 708 786 824 926 949 1065 1132 1168 1224 1352 1425 1500 1564 
54 78 180 316 417 504 641 709 787 825 927 950 1066 1133 1169 1225 1353 1426 1501 1565 
55 79 181 317 418 505 642 710 788 826 928 951 1067 1134 1170 1226 1354 1427 1502 1566 
56 80 182 318 419 506 643 711 789 827 929 952 1068 1135 1171 1227 1355 1428 1503 1567 
57 81 183 319 420 507 644 712 790 828 930 953 1069 1136 1172 1228 1356 1429 1504 1568 
58 82 184 320 421 508 645 713 791 829 931 954 1070 1137 1173 1229 1357 1430 1505 1569 
59 83 185 321 422 509 646 714 720 830 932 955 1071 1138 1174 1230 1358 1431 1506 1570 
60 84 186 322 423 510 647 715 721 831 933 956 1072 1139 1175 1231 1359 1432 1507 1571 
61 85 187 323 424 511 576 716 722 832 934 957 1073 1140 1176 1232 1360 1433 1508 1572 
62 86 188 324 425 512 577 717 723 833 935 958 1074 1141 1177 1233 1361 1434 1509 1573 
63 87 189 325 426 513 578 718 724 834 864 959 1075 1142 1178 1234 1362 1435 1510 1574 
64 88 190 326 427 514 579 719 725 835 865 960 1076 1143 1179 1235 1363 1436 1511 1575 
65 89 191 327 428 515 580 648 726 836 866 961 1077 1144 1180 1236 1364 1437 1440 1576 
66 90 192 328 429 516 581 649 727 837 867 962 1078 1145 1181 1237 1365 1438 1441 1577 
67 91 193 329 430 517 582 650 728 838 868 963 1079 1146 1182 1238 1366 1439 1442 1578 
68 92 194 330 431 518 583 651 729 839 869 964 1008 1147 1183 1239 1367 1368 1443 1579 
69 93 195 331 360 519 584 652 730 840 870 965 1009 1148 1184 1240 1296 1369 1444 1580 
70 94 196 332 361 520 585 653 731 841 871 966 1010 1149 1185 1241 1297 1370 1445 1581 
71 95 197 333 362 521 586 654 732 842 872 967 1011 1150 1186 1242 1298 1371 1446 1582 
0 96 198 334 363 522 587 655 733 843 873 968 1012 1151 1187 1243 1299 1372 1447 1583 
78 252 328 407 444 511 623 761 813 876 1007 1022 1080 1152 1268 1345 1368 1440 1512 1584 
79 253 329 408 445 512 624 762 814 877 936 1023 1081 1153 1269 1346 1369 1441 1513 1585 
80 254 330 409 446 513 625 763 815 878 937 1024 1082 1154 1270 1347 1370 1442 1514 1586 
81 255 331 410 447 514 626 764 816 879 938 1025 1083 1155 1271 1348 1371 1443 1515 1587 
82 256 332 411 448 515 627 765 817 880 939 1026 1084 1156 1272 1349 1372 1444 1516 1588 
83 257 333 412 449 516 628 766 818 881 940 1027 1085 1157 1273 1350 1373 1445 1517 1589 
84 258 334 413 450 517 629 767 819 882 941 1028 1086 1158 1274 1351 1374 1446 1518 1590 
85 259 335 414 451 518 630 768 820 883 942 1029 1087 1159 1275 1352 1375 1447 1519 1591 
86 260 336 415 452 519 631 769 821 884 943 1030 1088 1160 1276 1353 1376 1448 1520 1592 
87 261 337 416 453 520 632 770 822 885 944 1031 1089 1161 1277 1354 1377 1449 1521 1593 
88 262 338 417 454 521 633 771 823 886 945 1032 1090 1162 1278 1355 1378 1450 1522 1594 
89 263 339 418 455 522 634 772 824 887 946 1033 1091 1163 1279 1356 1379 1451 1523 1595 
90 264 340 419 456 523 635 773 825 888 947 1034 1092 1164 1280 1357 1380 1452 1524 1596 
91 265 341 420 457 524 636 774 826 889 948 1035 1093 1165 1281 1358 1381 1453 1525 1597 
92 266 342 421 458 525 637 775 827 890 949 1036 1094 1166 1282 1359 1382 1454 1526 1598 
93 267 343 422 459 526 638 776 828 891 950 1037 1095 1167 1283 1360 1383 1455 1527 1599 
94 268 344 423 460 527 639 777 829 892 951 1038 1096 1168 1284 1361 1384 1456 1528 1600 
95 269 345 424 461 528 640 778 830 893 952 1039 1097 1169 1285 1362 1385 1457 1529 1601 
96 270 346 425 462 529 641 779 831 894 953 1040 1098 1170 1286 1363 1386 1458 1530 1602 
97 271 347 426 463 530 642 780 832 895 954 1041 1099 1171 1287 1364 1387 1459 1531 1603 
98 272 348 427 464 531 643 781 833 896 955 1042 1100 1172 1288 1365 1388 1460 1532 1604 
99 273 349 428 465 532 644 782 834 897 956 1043 1101 1173 1289 1366 1389 1461 1533 1605 
100 274 350 429 466 533 645 783 835 898 957 1044 1102 1174 1290 1367 1390 1462 1534 1606 
101 275 351 430 467 534 646 784 836 899 958 1045 1103 1175 1291 1296 1391 1463 1535 1607 
102 276 352 431 468 535 647 785 837 900 959 1046 1104 1176 1292 1297 1392 1464 1536 1608 
103 277 353 360 469 536 576 786 838 901 960 1047 1105 1177 1293 1298 1393 1465 1537 1609 
104 278 354 361 470 537 577 787 839 902 961 1048 1106 1178 1294 1299 1394 1466 1538 1610 
105 279 355 362 471 538 578 788 840 903 962 1049 1107 1179 1295 1300 1395 1467 1539 1611 
106 280 356 363 472 539 579 789 841 904 963 1050 1108 1180 1224 1301 1396 1468 1540 1612 
107 281 357 364 473 540 580 790 842 905 964 1051 1109 1181 1225 1302 1397 1469 1541 1613 
108 282 358 365 474 541 581 791 843 906 965 1052 1110 1182 1226 1303 1398 1470 1542 1614 
109 283 359 366 475 542 582 720 844 907 966 1053 1111 1183 1227 1304 1399 1471 1543 1615 
110 284 288 367 476 543 583 721 845 908 967 1054 1112 1184 1228 1305 1400 1472 1544 1616 
111 285 289 368 477 544 584 722 846 909 968 1055 1113 1185 1229 1306 1401 1473 1545 1617 
112 286 290 369 478 545 585 723 847 910 969 1056 1114 1186 1230 1307 1402 1474 1546 1618 
113 287 291 370 479 546 586 724 848 911 970 1057 1115 1187 1231 1308 1403 1475 1547 1619 
114 216 292 371 480 547 587 725 849 912 971 1058 1116 1188 1232 1309 1404 1476 1548 1620 
115 217 293 372 481 548 588 726 850 913 972 1059 1117 1189 1233 1310 1405 1477 1549 1621 
116 218 294 373 482 549 589 727 851 914 973 1060 1118 1190 1234 1311 1406 1478 1550 1622 
117 219 295 374 483 550 590 728 852 915 974 1061 1119 1191 1235 1312 1407 1479 1551 1623 
118 220 296 375 484 551 591 729 853 916 975 1062 1120 1192 1236 1313 1408 1480 1552 1624 
119 221 297 376 485 552 592 730 854 917 976 1063 1121 1193 1237 1314 1409 1481 1553 1625 
120 222 298 377 486 553 593 731 855 918 977 1064 1122 1194 1238 1315 1410 1482 1554 1626 
121 223 299 378 487 554 594 732 856 919 978 1065 1123 1195 1239 1316 1411 1483 1555 1627 
122 224 300 379 488 555 595 733 857 920 979 1066 1124 1196 1240 1317 1412 1484 1556 1628 
123 225 301 380 489 556 596 734 858 921 980 1067 1125 1197 1241 1318 1413 1485 1557 1629 
124 226 302 381 490 557 597 735 859 922 981 1068 1126 1198 1242 1319 1414 1486 1558 1630 
125 227 303 382 491 558 598 736 860 923 982 1069 1127 1199 1243 1320 1415 1487 1559 1631 
126 228 304 383 492 559 599 737 861 924 983 1070 1128 1200 1244 1321 1416 1488 1560 1632 
127 229 305 384 493 560 600 738 862 925 984 1071 1129 1201 1245 1322 1417 1489 1561 1633 
128 230 306 385 494 561 601 739 863 926 985 1072 1130 1202 1246 1323 1418 1490 1562 1634 
129 231 307 386 495 562 602 740 792 927 986 1073 1131 1203 1247 1324 1419 1491 1563 1635 
130 232 308 387 496 563 603 741 793 928 987 1074 1132 1204 1248 1325 1420 1492 1564 1636 
131 233 309 388 497 564 604 742 794 929 988 1075 1133 1205 1249 1326 1421 1493 1565 1637 
132 234 310 389 498 565 605 743 795 930 989 1076 1134 1206 1250 1327 1422 1494 1566 1638 
133 235 311 390 499 566 606 744 796 931 990 1077 1135 1207 1251 1328 1423 1495 1567 1639 
134 236 312 391 500 567 607 745 797 932 991 1078 1136 1208 1252 1329 1424 1496 1568 1640 
135 237 313 392 501 568 608 746 798 933 992 1079 1137 1209 1253 1330 1425 1497 1569 1641 
136 238 314 393 502 569 609 747 799 934 993 1008 1138 1210 1254 1331 1426 1498 1570 1642 
137 239 315 394 503 570 610 748 800 935 994 1009 1139 1211 1255 1332 1427 1499 1571 1643 
138 240 316 395 432 571 611 749 801 864 995 1010 1140 1212 1256 1333 1428 1500 1572 1644 
139 241 317 396 433 572 612 750 802 865 996 1011 1141 1213 1257 1334 1429 1501 1573 1645 
140 242 318 397 434 573 613 751 803 866 997 1012 1142 1214 1258 1335 1430 1502 1574 1646 
141 243 319 398 435 574 614 752 804 867 998 1013 1143 1215 1259 1336 1431 1503 1575 1647 
142 244 320 399 436 575 615 753 805 868 999 1014 1144 1216 1260 1337 1432 1504 1576 1648 
143 245 321 400 437 504 616 754 806 869 1000 1015 1145 1217 1261 1338 1433 1505 1577 1649 
72 246 322 401 438 505 617 755 807 870 1001 1016 1146 1218 1262 1339 1434 1506 1578 1650 
73 247 323 402 439 506 618 756 808 871 1002 1017 1147 1219 1263 1340 1435 1507 1579 1651 
74 248 324 403 440 507 619 757 809 872 1003 1018 1148 1220 1264 1341 1436 1508 1580 1652 
75 249 325 404 441 508 620 758 810 873 1004 1019 1149 1221 1265 1342 1437 1509 1581 1653 
76 250 326 405 442 509 621 759 811 874 1005 1020 1150 1222 1266 1343 1438 1510 1582 1654 
77 251 327 406 443 510 622 760 812 875 1006 1021 1151 1223 1267 1344 1439 1511 1583 1655 
51 81 155 220 355 453 607 672 739 853 873 945 1022 1086 1212 1240 1363 1383 1584 1656 
52 82 156 221 356 454 608 673 740 854 874 946 1023 1087 1213 1241 1364 1384 1585 1657 
53 83 157 222 357 455 609 674 741 855 875 947 1024 1088 1214 1242 1365 1385 1586 1658 
54 84 158 223 358 456 610 675 742 856 876 948 1025 1089 1215 1243 1366 1386 1587 1659 
55 85 159 224 359 457 611 676 743 857 877 949 1026 1090 1216 1244 1367 1387 1588 1660 
56 86 160 225 288 458 612 677 744 858 878 950 1027 1091 1217 1245 1296 1388 1589 1661 
57 87 161 226 289 459 613 678 745 859 879 951 1028 1092 1218 1246 1297 1389 1590 1662 
58 88 162 227 290 460 614 679 746 860 880 952 1029 1093 1219 1247 1298 1390 1591 1663 
59 89 163 228 291 461 615 680 747 861 881 953 1030 1094 1220 1248 1299 1391 1592 1664 
60 90 164 229 292 462 616 681 748 862 882 954 1031 1095 1221 1249 1300 1392 1593 1665 
61 91 165 230 293 463 617 682 749 863 883 955 1032 1096 1222 1250 1301 1393 1594 1666 
62 92 166 231 294 464 618 683 750 792 884 956 1033 1097 1223 1251 1302 1394 1595 1667 
63 93 167 232 295 465 619 684 751 793 885 957 1034 1098 1152 1252 1303 1395 1596 1668 
64 94 168 233 296 466 620 685 752 794 886 958 1035 1099 1153 1253 1304 1396 1597 1669 
65 95 169 234 297 467 621 686 753 795 887 959 1036 1100 1154 1254 1305 1397 1598 1670 
66 96 170 235 298 468 622 687 754 796 888 960 1037 1101 1155 1255 1306 1398 1599 1671 
67 97 171 236 299 469 623 688 755 797 889 961 1038 1102 1156 1256 1307 1399 1600 1672 
68 98 172 237 300 470 624 689 756 798 890 962 1039 1103 1157 1257 1308 1400 1601 1673 
69 99 173 238 301 471 625 690 757 799 891 963 1040 1104 1158 1258 1309 1401 1602 1674 
70 100 174 239 302 472 626 691 758 800 892 964 1041 1105 1159 1259 1310 1402 1603 1675 
71 101 175 240 303 473 627 692 759 801 893 965 1042 1106 1160 1260 1311 1403 1604 1676 
0 102 176 241 304 474 628 693 760 802 894 966 1043 1107 1161 1261 1312 1404 1605 1677 
1 103 177 242 305 475 629 694 761 803 895 967 1044 1108 1162 1262 1313 1405 1606 1678 
2 104 178 243 306 476 630 695 762 804 896 968 1045 1109 1163 1263 1314 1406 1607 1679 
3 105 179 244 307 477 631 696 763 805 897 969 1046 1110 1164 1264 1315 1407 1608 1680 
4 106 180 245 308 478 632 697 764 806 898 970 1047 1111 1165 1265 1316 1408 1609 1681 
5 107 181 246 309 479 633 698 765 807 899 971 1048 1112 1166 1266 1317 1409 1610 1682 
6 108 182 247 310 480 634 699 766 808 900 972 1049 1113 1167 1267 1318 1410 1611 1683 
7 109 183 248 311 481 635 700 767 809 901 973 1050 1114 1168 1268 1319 1411 1612 1684 
8 110 184 249 312 482 636 701 768 810 902 974 1051 1115 1169 1269 1320 1412 1613 1685 
9 111 185 250 313 483 637 702 769 811 903 975 1052 1116 1170 1270 1321 1413 1614 1686 
10 112 186 251 314 484 638 703 770 812 904 976 1053 1117 1171 1271 1322 1414 1615 1687 
11 113 187 252 315 485 639 704 771 813 905 977 1054 1118 1172 1272 1323 1415 1616 1688 
12 114 188 253 316 486 640 705 772 814 906 978 1055 1119 1173 1273 1324 1416 1617 1689 
13 115 189 254 317 487 641 706 773 815 907 979 1056 1120 1174 1274 1325 1417 1618 1690 
14 116 190 255 318 488 642 707 774 816 908 980 1057 1121 1175 1275 1326 1418 1619 1691 
15 117 191 256 319 489 643 708 775 817 909 981 1058 1122 1176 1276 1327 1419 1620 1692 
16 118 192 257 320 490 644 709 776 818 910 982 1059 1123 1177 1277 1328 1420 1621 1693 
17 119 193 258 321 491 645 710 777 819 911 983 1060 1124 1178 1278 1329 1421 1622 1694 
18 120 194 259 322 492 646 711 778 820 912 984 1061 1125 1179 1279 1330 1422 1623 1695 
19 121 195 260 323 493 647 712 779 821 913 985 1062 1126 1180 1280 1331 1423 1624 1696 
20 122 196 261 324 494 576 713 780 822 914 986 1063 1127 1181 1281 1332 1424 1625 1697 
21 123 197 262 325 495 577 714 781 823 915 987 1064 1128 1182 1282 1333 1425 1626 1698 
22 124 198 263 326 496 578 715 782 824 916 988 1065 1129 1183 1283 1334 1426 1627 1699 
23 125 199 264 327 497 579 716 783 825 917 989 1066 1130 1184 1284 1335 1427 1628 1700 
24 126 200 265 328 498 580 717 784 826 918 990 1067 1131 1185 1285 1336 1428 1629 1701 
25 127 201 266 329 499 581 718 785 827 919 991 1068 1132 1186 1286 1337 1429 1630 1702 
26 128 202 267 330 500 582 719 786 828 920 992 1069 1133 1187 1287 1338 1430 1631 1703 
27 129 203 268 331 501 583 648 787 829 921 993 1070 1134 1188 1288 1339 1431 1632 1704 
28 130 204 269 332 502 584 649 788 830 922 994 1071 1135 1189 1289 1340 1432 1633 1705 
29 131 205 270 333 503 585 650 789 831 923 995 1072 1136 1190 1290 1341 1433 1634 1706 
30 132 206 271 334 432 586 651 790 832 924 996 1073 1137 1191 1291 1342 1434 1635 1707 
31 133 207 272 335 433 587 652 791 833 925 997 1074 1138 1192 1292 1343 1435 1636 1708 
32 134 208 273 336 434 588 653 720 834 926 998 1075 1139 1193 1293 1344 1436 1637 1709 
33 135 209 274 337 435 589 654 721 835 927 999 1076 1140 1194 1294 1345 1437 1638 1710 
34 136 210 275 338 436 590 655 722 836 928 1000 1077 1141 1195 1295 1346 1438 1639 1711 
35 137 211 276 339 437 591 656 723 837 929 1001 1078 1142 1196 1224 1347 1439 1640 1712 
36 138 212 277 340 438 592 657 724 838 930 1002 1079 1143 1197 1225 1348 1368 1641 1713 
37 139 213 278 341 439 593 658 725 839 931 1003 1008 1144 1198 1226 1349 1369 1642 1714 
38 140 214 279 342 440 594 659 726 840 932 1004 1009 1145 1199 1227 1350 1370 1643 1715 
39 141 215 280 343 441 595 660 727 841 933 1005 1010 1146 1200 1228 1351 1371 1644 1716 
40 142 144 281 344 442 596 661 728 842 934 1006 1011 1147 1201 1229 1352 1372 1645 1717 
41 143 145 282 345 443 597 662 729 843 935 1007 1012 1148 1202 1230 1353 1373 1646 1718 
42 72 146 283 346 444 598 663 730 844 864 936 1013 1149 1203 1231 1354 1374 1647 1719 
43 73 147 284 347 445 599 664 731 845 865 937 1014 1150 1204 1232 1355 1375 1648 1720 
44 74 148 285 348 446 600 665 732 846 866 938 1015 1151 1205 1233 1356 1376 1649 1721 
45 75 149 286 349 447 601 666 733 847 867 939 1016 1080 1206 1234 1357 1377 1650 1722 
46 76 150 287 350 448 602 667 734 848 868 940 1017 1081 1207 1235 1358 1378 1651 1723 
47 77 151 216 351 449 603 668 735 849 869 941 1018 1082 1208 1236 1359 1379 1652 1724 
48 78 152 217 352 450 604 669 736 850 870 942 1019 1083 1209 1237 1360 1380 1653 1725 
49 79 153 218 353 451 605 670 737 851 871 943 1020 1084 1210 1238 1361 1381 1654 1726 
50 80 154 219 354 452 606 671 738 852 872 944 1021 1085 1211 1239 1362 1382 1655 1727 
50 194 231 396 445 514 587 668 773 810 893 956 1065 1110 1164 1244 1307 1434 1448 1656 
51 195 232 397 446 515 588 669 774 811 894 957 1066 1111 1165 1245 1308 1435 1449 1657 
52 196 233 398 447 516 589 670 775 812 895 958 1067 1112 1166 1246 1309 1436 1450 1658 
53 197 234 399 448 517 590 671 776 813 896 959 1068 1113 1167 1247 1310 1437 1451 1659 
54 198 235 400 449 518 591 672 777 814 897 960 1069 1114 1168 1248 1311 1438 1452 1660 
55 199 236 401 450 519 592 673 778 815 898 961 1070 1115 1169 1249 1312 1439 1453 1661 
56 200 237 402 451 520 593 674 779 816 899 962 1071 1116 1170 1250 1313 1368 1454 1662 
57 201 238 403 452 521 594 675 780 817 900 963 1072 1117 1171 1251 1314 1369 1455 1663 
58 202 239 404 453 522 595 676 781 818 901 964 1073 1118 1172 1252 1315 1370 1456 1664 
59 203 240 405 454 523 596 677 782 819 902 965 1074 1119 1173 1253 1316 1371 1457 1665 
60 204 241 406 455 524 597 678 783 820 903 966 1075 1120 1174 1254 1317 1372 1458 1666 
61 205 242 407 456 525 598 679 784 821 904 967 1076 1121 1175 1255 1318 1373 1459 1667 
62 206 243 408 457 526 599 680 785 822 905 968 1077 1122 1176 1256 1319 1374 1460 1668 
63 207 244 409 458 527 600 681 786 823 906 969 1078 1123 1177 1257 1320 1375 1461 1669 
64 208 245 410 459 528 601 682 787 824 907 970 1079 1124 1178 1258 1321 1376 1462 1670 
65 209 246 411 460 529 602 683 788 825 908 971 1008 1125 1179 1259 1322 1377 1463 1671 
66 210 247 412 461 530 603 684 789 826 909 972 1009 1126 1180 1260 1323 1378 1464 1672 
67 211 248 413 462 531 604 685 790 827 910 973 1010 1127 1181 1261 1324 1379 1465 1673 
68 212 249 414 463 532 605 686 791 828 911 974 1011 1128 1182 1262 1325 1380 1466 1674 
69 213 250 415 464 533 606 687 720 829 912 975 1012 1129 1183 1263 1326 1381 1467 1675 
70 214 251 416 465 534 607 688 721 830 913 976 1013 1130 1184 1264 1327 1382 1468 1676 
71 215 252 417 466 535 608 689 722 831 914 977 1014 1131 1185 1265 1328 1383 1469 1677 
0 144 253 418 467 536 609 690 723 832 915 978 1015 1132 1186 1266 1329 1384 1470 1678 
1 145 254 419 468 537 610 691 724 833 916 979 1016 1133 1187 1267 1330 1385 1471 1679 
2 146 255 420 469 538 611 692 725 834 917 980 1017 1134 1188 1268 1331 1386 1472 1680 
3 147 256 421 470 539 612 693 726 835 918 981 1018 1135 1189 1269 1332 1387 1473 1681 
4 148 257 422 471 540 613 694 727 836 919 982 1019 1136 1190 1270 1333 1388 1474 1682 
5 149 258 423 472 541 614 695 728 837 920 983 1020 1137 1191 1271 1334 1389 1475 1683 
6 150 259 424 473 542 615 696 729 838 921 984 1021 1138 1192 1272 1335 1390 1476 1684 
7 151 260 425 474 543 616 697 730 839 922 985 1022 1139 1193 1273 1336 1391 1477 1685 
8 152 261 426 475 544 617 698 731 840 923 986 1023 1140 1194 1274 1337 1392 1478 1686 
9 153 262 427 476 545 618 699 732 841 924 987 1024 1141 1195 1275 1338 1393 1479 1687 
10 154 263 428 477 546 619 700 733 842 925 988 1025 1142 1196 1276 1339 1394 1480 1688 
11 155 264 429 478 547 620 701 734 843 926 989 1026 1143 1197 1277 1340 1395 1481 1689 
12 156 265 430 479 548 621 702 735 844 927 990 1027 1144 1198 1278 1341 1396 1482 1690 
13 157 266 431 480 549 622 703 736 845 928 991 1028 1145 1199 1279 1342 1397 1483 1691 
14 158 267 360 481 550 623 704 737 846 929 992 1029 1146 1200 1280 1343 1398 1484 1692 
15 159 268 361 482 551 624 705 738 847 930 993 1030 1147 1201 1281 1344 1399 1485 1693 
16 160 269 362 483 552 625 706 739 848 931 994 1031 1148 1202 1282 1345 1400 1486 1694 
17 161 270 363 484 553 626 707 740 849 932 995 1032 1149 1203 1283 1346 1401 1487 1695 
18 162 271 364 485 554 627 708 741 850 933 996 1033 1150 1204 1284 1347 1402 1488 1696 
19 163 272 365 486 555 628 709 742 851 934 997 1034 1151 1205 1285 1348 1403 1489 1697 
20 164 273 366 487 556 629 710 743 852 935 998 1035 1080 1206 1286 1349 1404 1490 1698 
21 165 274 367 488 557 630 711 744 853 864 999 1036 1081 1207 1287 1350 1405 1491 1699 
22 166 275 368 489 558 631 712 745 854 865 1000 1037 1082 1208 1288 1351 1406 1492 1700 
23 167 276 369 490 559 632 713 746 855 866 1001 1038 1083 1209 1289 1352 1407 1493 1701 
24 168 277 370 491 560 633 714 747 856 867 1002 1039 1084 1210 1290 1353 1408 1494 1702 
25 169 278 371 492 561 634 715 748 857 868 1003 1040 1085 1211 1291 1354 1409 1495 1703 
26 170 279 372 493 562 635 716 749 858 869 1004 1041 1086 1212 1292 1355 1410 1496 1704 
27 171 280 373 494 563 636 717 750 859 870 1005 1042 1087 1213 1293 1356 1411 1497 1705 
28 172 281 374 495 564 637 718 751 860 871 1006 1043 1088 1214 1294 1357 1412 1498 1706 
29 173 282 375 496 565 638 719 752 861 872 1007 1044 1089 1215 1295 1358 1413 1499 1707 
30 174 283 376 497 566 639 648 753 862 873 936 1045 1090 1216 1224 1359 1414 1500 1708 
31 175 284 377 498 567 640 649 754 863 874 937 1046 1091 1217 1225 1360 1415 1501 1709 
32 176 285 378 499 568 641 650 755 792 875 938 1047 1092 1218 1226 1361 1416 1502 1710 
33 177 286 379 500 569 642 651 756 793 876 939 1048 1093 1219 1227 1362 1417 1503 1711 
34 178 287 380 501 570 643 652 757 794 877 940 1049 1094 1220 1228 1363 1418 1504 1712 
35 179 216 381 502 571 644 653 758 795 878 941 1050 1095 1221 1229 1364 1419 1505 1713 
36 180 217 382 503 572 645 654 759 796 879 942 1051 1096 1222 1230 1365 1420 1506 1714 
37 181 218 383 432 573 646 655 760 797 880 943 1052 1097 1223 1231 1366 1421 1507 1715 
38 182 219 384 433 574 647 656 761 798 881 944 1053 1098 1152 1232 1367 1422 1508 1716 
39 183 220 385 434 575 576 657 762 799 882 945 1054 1099 1153 1233 1296 1423 1509 1717 
40 184 221 386 435 504 577 658 763 800 883 946 1055 1100 1154 1234 1297 1424 1510 1718 
41 185 222 387 436 505 578 659 764 801 884 947 1056 1101 1155 1235 1298 1425 1511 1719 
42 186 223 388 437 506 579 660 765 802 885 948 1057 1102 1156 1236 1299 1426 1440 1720 
43 187 224 389 438 507 580 661 766 803 886 949 1058 1103 1157 1237 1300 1427 1441 1721 
44 188 225 390 439 508 581 662 767 804 887 950 1059 1104 1158 1238 1301 1428 1442 1722 
45 189 226 391 440 509 582 663 768 805 888 951 1060 1105 1159 1239 1302 1429 1443 1723 
46 190 227 392 441 510 583 664 769 806 889 952 1061 1106 1160 1240 1303 1430 1444 1724 
47 191 228 393 442 511 584 665 770 807 890 953 1062 1107 1161 1241 1304 1431 1445 1725 
48 192 229 394 443 512 585 666 771 808 891 954 1063 1108 1162 1242 1305 1432 1446 1726 
49 193 230 395 444 513 586 667 772 809 892 955 1064 1109 1163 1243 1306 1433 1447 1727 

