1 101 207 351 384 547 616 692 770 888 918 1021 1069 1140 1252 1312 1372 1445 1524 1596 
2 102 208 352 385 548 617 693 771 889 919 1022 1070 1141 1253 1313 1373 1446 1525 1597 
3 103 209 353 386 549 618 694 772 890 920 1023 1071 1142 1254 1314 1374 1447 1526 1598 
4 104 210 354 387 550 619 695 773 891 921 1024 1072 1143 1255 1315 1375 1448 1527 1599 
5 105 211 355 388 551 620 696 774 892 922 1025 1073 1144 1256 1316 1376 1449 1528 1600 
6 106 212 356 389 552 621 697 775 893 923 1026 1074 1145 1257 1317 1377 1450 1529 1601 
7 107 213 357 390 553 622 698 776 894 924 1027 1075 1146 1258 1318 1378 1451 1530 1602 
8 108 214 358 391 554 623 699 777 895 925 1028 1076 1147 1259 1319 1379 1452 1531 1603 
9 109 215 359 392 555 624 700 778 896 926 1029 1077 1148 1260 1320 1380 1453 1532 1604 
10 110 216 360 393 556 625 701 779 897 927 1030 1078 1149 1261 1321 1381 1454 1533 1605 
11 111 217 361 394 557 626 702 780 898 928 1031 1079 1150 1262 1322 1382 1455 1534 1606 
12 112 218 362 395 558 627 703 781 899 929 1032 1080 1151 1263 1323 1383 1456 1535 1607 
13 113 219 363 396 559 628 704 782 900 930 1033 1081 1152 1264 1324 1384 1457 1536 1608 
14 114 220 364 397 560 629 705 783 901 931 1034 1082 1153 1265 1325 1385 1458 1537 1609 
15 115 221 365 398 561 630 706 784 902 932 1035 1083 1154 1266 1326 1386 1459 1538 1610 
16 116 222 366 399 562 631 707 785 903 933 1036 1084 1155 1267 1327 1387 1460 1539 1611 
17 117 223 367 400 563 632 708 786 904 934 1037 1085 1156 1268 1328 1388 1461 1540 1612 
18 118 224 368 401 564 633 709 787 905 935 1038 1086 1157 1269 1329 1389 1462 1541 1613 
19 119 225 369 402 565 634 710 788 906 936 1039 1087 1158 1270 1330 1390 1463 1542 1614 
20 120 226 370 403 566 635 711 789 907 937 1040 1088 1159 1271 1331 1391 1464 1543 1615 
21 121 227 371 404 567 636 712 790 908 938 1041 1089 1160 1272 1332 1392 1465 1544 1616 
22 122 152 372 405 568 637 713 791 909 939 1042 1090 1161 1273 1333 1393 1466 1545 1617 
23 123 153 373 406 569 638 714 792 910 940 1043 1091 1162 1274 1334 1394 1467 1546 1618 
24 124 154 374 407 570 639 715 793 911 941 1044 1092 1163 1275 1335 1395 1468 1547 1619 
25 125 155 375 408 571 640 716 794 836 942 1045 1093 1164 1276 1336 1396 1469 1548 1620 
26 126 156 376 409 572 641 717 795 837 943 1046 1094 1165 1277 1337 1397 1470 1549 1621 
27 127 157 377 410 573 642 718 796 838 944 1047 1095 1166 1278 1338 1398 1471 1550 1622 
28 128 158 378 411 574 643 719 797 839 945 1048 1096 1167 1279 1339 1399 1472 1551 1623 
29 129 159 379 412 575 644 720 798 840 946 1049 1097 1168 1280 1340 1400 1473 1552 1624 
30 130 160 304 413 576 645 721 799 841 947 1050 1098 1169 1281 1341 1401 1474 1553 1625 
31 131 161 305 414 577 646 722 800 842 948 1051 1099 1170 1282 1342 1402 1475 1554 1626 
32 132 162 306 415 578 647 723 801 843 949 1052 1100 1171 1283 1343 1403 1476 1555 1627 
33 133 163 307 416 579 648 724 802 844 950 1053 1101 1172 1284 1344 1404 1477 1556 1628 
34 134 164 308 417 580 649 725 803 845 951 1054 1102 1173 1285 1345 1405 1478 1557 1629 
35 135 165 309 418 581 650 726 804 846 952 1055 1103 1174 1286 1346 1406 1479 1558 1630 
36 136 166 310 419 582 651 727 805 847 953 1056 1104 1175 1287 1347 1407 1480 1559 1631 
37 137 167 311 420 583 652 728 806 848 954 1057 1105 1176 1288 1348 1408 1481 1560 1632 
38 138 168 312 421 584 653 729 807 849 955 1058 1106 1177 1289 1349 1409 1482 1561 1633 
39 139 169 313 422 585 654 730 808 850 956 1059 1107 1178 1290 1350 1410 1483 1562 1634 
40 140 170 314 423 586 655 731 809 851 957 1060 1108 1179 1291 1351 1411 1484 1563 1635 
41 141 171 315 424 587 656 732 810 852 958 1061 1109 1180 1216 1352 1412 1485 1564 1636 
42 142 172 316 425 588 657 733 811 853 959 1062 1110 1181 1217 1353 1413 1486 1565 1637 
43 143 173 317 426 589 658 734 812 854 960 1063 1111 1182 1218 1354 1414 1487 1566 1638 
44 144 174 318 427 590 659 735 813 855 961 988 1112 1183 1219 1355 1415 1488 1567 1639 
45 145 175 319 428 591 660 736 814 856 962 989 1113 1184 1220 1356 1416 1489 1568 1640 
46 146 176 320 429 592 661 737 815 857 963 990 1114 1185 1221 1357 1417 1490 1569 1641 
47 147 177 321 430 593 662 738 816 858 964 991 1115 1186 1222 1358 1418 1491 1570 1642 
48 148 178 322 431 594 663 739 817 859 965 992 1116 1187 1223 1359 1419 1492 1571 1643 
49 149 179 323 432 595 664 740 818 860 966 993 1117 1188 1224 1360 1420 1493 1572 1644 
50 150 180 324 433 596 665 741 819 861 967 994 1118 1189 1225 1361 1421 1494 1573 1645 
51 151 181 325 434 597 666 742 820 862 968 995 1119 1190 1226 1362 1422 1495 1574 1646 
52 76 182 326 435 598 667 743 821 863 969 996 1120 1191 1227 1363 1423 1496 1575 1647 
53 77 183 327 436 599 668 744 822 864 970 997 1121 1192 1228 1364 1424 1497 1576 1648 
54 78 184 328 437 600 669 745 823 865 971 998 1122 1193 1229 1365 1425 1498 1577 1649 
55 79 185 329 438 601 670 746 824 866 972 999 1123 1194 1230 1366 1426 1499 1578 1650 
56 80 186 330 439 602 671 747 825 867 973 1000 1124 1195 1231 1367 1427 1500 1579 1651 
57 81 187 331 440 603 672 748 826 868 974 1001 1125 1196 1232 1292 1428 1501 1580 1652 
58 82 188 332 441 604 673 749 827 869 975 1002 1126 1197 1233 1293 1429 1502 1581 1653 
59 83 189 333 442 605 674 750 828 870 976 1003 1127 1198 1234 1294 1430 1503 1582 1654 
60 84 190 334 443 606 675 751 829 871 977 1004 1128 1199 1235 1295 1431 1504 1583 1655 
61 85 191 335 444 607 676 752 830 872 978 1005 1129 1200 1236 1296 1432 1505 1584 1656 
62 86 192 336 445 532 677 753 831 873 979 1006 1130 1201 1237 1297 1433 1506 1585 1657 
63 87 193 337 446 533 678 754 832 874 980 1007 1131 1202 1238 1298 1434 1507 1586 1658 
64 88 194 338 447 534 679 755 833 875 981 1008 1132 1203 1239 1299 1435 1508 1587 1659 
65 89 195 339 448 535 680 756 834 876 982 1009 1133 1204 1240 1300 1436 1509 1588 1660 
66 90 196 340 449 536 681 757 835 877 983 1010 1134 1205 1241 1301 1437 1510 1589 1661 
67 91 197 341 450 537 682 758 760 878 984 1011 1135 1206 1242 1302 1438 1511 1590 1662 
68 92 198 342 451 538 683 759 761 879 985 1012 1136 1207 1243 1303 1439 1512 1591 1663 
69 93 199 343 452 539 608 684 762 880 986 1013 1137 1208 1244 1304 1440 1513 1592 1664 
70 94 200 344 453 540 609 685 763 881 987 1014 1138 1209 1245 1305 1441 1514 1593 1665 
71 95 201 345 454 541 610 686 764 882 912 1015 1139 1210 1246 1306 1442 1515 1594 1666 
72 96 202 346 455 542 611 687 765 883 913 1016 1064 1211 1247 1307 1443 1516 1595 1667 
73 97 203 347 380 543 612 688 766 884 914 1017 1065 1212 1248 1308 1368 1517 1520 1668 
74 98 204 348 381 544 613 689 767 885 915 1018 1066 1213 1249 1309 1369 1518 1521 1669 
75 99 205 349 382 545 614 690 768 886 916 1019 1067 1214 1250 1310 1370 1519 1522 1670 
0 100 206 350 383 546 615 691 769 887 917 1020 1068 1215 1251 1311 1371 1444 1523 1671 
82 264 344 427 468 535 655 801 857 924 1059 1078 1212 1216 1336 1417 1444 1520 1596 1672 
83 265 345 428 469 536 656 802 858 925 1060 1079 1213 1217 1337 1418 1445 1521 1597 1673 
84 266 346 429 470 537 657 803 859 926 1061 1080 1214 1218 1338 1419 1446 1522 1598 1674 
85 267 347 430 471 538 658 804 860 927 1062 1081 1215 1219 1339 1420 1447 1523 1599 1675 
86 268 348 431 472 539 659 805 861 928 1063 1082 1140 1220 1340 1421 1448 1524 1600 1676 
87 269 349 432 473 540 660 806 862 929 988 1083 1141 1221 1341 1422 1449 1525 1601 1677 
88 270 350 433 474 541 661 807 863 930 989 1084 1142 1222 1342 1423 1450 1526 1602 1678 
89 271 351 434 475 542 662 808 864 931 990 1085 1143 1223 1343 1424 1451 1527 1603 1679 
90 272 352 435 476 543 663 809 865 932 991 1086 1144 1224 1344 1425 1452 1528 1604 1680 
91 273 353 436 477 544 664 810 866 933 992 1087 1145 1225 1345 1426 1453 1529 1605 1681 
92 274 354 437 478 545 665 811 867 934 993 1088 1146 1226 1346 1427 1454 1530 1606 1682 
93 275 355 438 479 546 666 812 868 935 994 1089 1147 1227 1347 1428 1455 1531 1607 1683 
94 276 356 439 480 547 667 813 869 936 995 1090 1148 1228 1348 1429 1456 1532 1608 1684 
95 277 357 440 481 548 668 814 870 937 996 1091 1149 1229 1349 1430 1457 1533 1609 1685 
96 278 358 441 482 549 669 815 871 938 997 1092 1150 1230 1350 1431 1458 1534 1610 1686 
97 279 359 442 483 550 670 816 872 939 998 1093 1151 1231 1351 1432 1459 1535 1611 1687 
98 280 360 443 484 551 671 817 873 940 999 1094 1152 1232 1352 1433 1460 1536 1612 1688 
99 281 361 444 485 552 672 818 874 941 1000 1095 1153 1233 1353 1434 1461 1537 1613 1689 
100 282 362 445 486 553 673 819 875 942 1001 1096 1154 1234 1354 1435 1462 1538 1614 1690 
101 283 363 446 487 554 674 820 876 943 1002 1097 1155 1235 1355 1436 1463 1539 1615 1691 
102 284 364 447 488 555 675 821 877 944 1003 1098 1156 1236 1356 1437 1464 1540 1616 1692 
103 285 365 448 489 556 676 822 878 945 1004 1099 1157 1237 1357 1438 1465 1541 1617 1693 
104 286 366 449 490 557 677 823 879 946 1005 1100 1158 1238 1358 1439 1466 1542 1618 1694 
105 287 367 450 491 558 678 824 880 947 1006 1101 1159 1239 1359 1440 1467 1543 1619 1695 
106 288 368 451 492 559 679 825 881 948 1007 1102 1160 1240 1360 1441 1468 1544 1620 1696 
107 289 369 452 493 560 680 826 882 949 1008 1103 1161 1241 1361 1442 1469 1545 1621 1697 
108 290 370 453 494 561 681 827 883 950 1009 1104 1162 1242 1362 1443 1470 1546 1622 1698 
109 291 371 454 495 562 682 828 884 951 1010 1105 1163 1243 1363 1368 1471 1547 1623 1699 
110 292 372 455 496 563 683 829 885 952 1011 1106 1164 1244 1364 1369 1472 1548 1624 1700 
111 293 373 380 497 564 608 830 886 953 1012 1107 1165 1245 1365 1370 1473 1549 1625 1701 
112 294 374 381 498 565 609 831 887 954 1013 1108 1166 1246 1366 1371 1474 1550 1626 1702 
113 295 375 382 499 566 610 832 888 955 1014 1109 1167 1247 1367 1372 1475 1551 1627 1703 
114 296 376 383 500 567 611 833 889 956 1015 1110 1168 1248 1292 1373 1476 1552 1628 1704 
115 297 377 384 501 568 612 834 890 957 1016 1111 1169 1249 1293 1374 1477 1553 1629 1705 
116 298 378 385 502 569 613 835 891 958 1017 1112 1170 1250 1294 1375 1478 1554 1630 1706 
117 299 379 386 503 570 614 760 892 959 1018 1113 1171 1251 1295 1376 1479 1555 1631 1707 
118 300 304 387 504 571 615 761 893 960 1019 1114 1172 1252 1296 1377 1480 1556 1632 1708 
119 301 305 388 505 572 616 762 894 961 1020 1115 1173 1253 1297 1378 1481 1557 1633 1709 
120 302 306 389 506 573 617 763 895 962 1021 1116 1174 1254 1298 1379 1482 1558 1634 1710 
121 303 307 390 507 574 618 764 896 963 1022 1117 1175 1255 1299 1380 1483 1559 1635 1711 
122 228 308 391 508 575 619 765 897 964 1023 1118 1176 1256 1300 1381 1484 1560 1636 1712 
123 229 309 392 509 576 620 766 898 965 1024 1119 1177 1257 1301 1382 1485 1561 1637 1713 
124 230 310 393 510 577 621 767 899 966 1025 1120 1178 1258 1302 1383 1486 1562 1638 1714 
125 231 311 394 511 578 622 768 900 967 1026 1121 1179 1259 1303 1384 1487 1563 1639 1715 
126 232 312 395 512 579 623 769 901 968 1027 1122 1180 1260 1304 1385 1488 1564 1640 1716 
127 233 313 396 513 580 624 770 902 969 1028 1123 1181 1261 1305 1386 1489 1565 1641 1717 
128 234 314 397 514 581 625 771 903 970 1029 1124 1182 1262 1306 1387 1490 1566 1642 1718 
129 235 315 398 515 582 626 772 904 971 1030 1125 1183 1263 1307 1388 1491 1567 1643 1719 
130 236 316 399 516 583 627 773 905 972 1031 1126 1184 1264 1308 1389 1492 1568 1644 1720 
131 237 317 400 517 584 628 774 906 973 1032 1127 1185 1265 1309 1390 1493 1569 1645 1721 
132 238 318 401 518 585 629 775 907 974 1033 1128 1186 1266 1310 1391 1494 1570 1646 1722 
133 239 319 402 519 586 630 776 908 975 1034 1129 1187 1267 1311 1392 1495 1571 1647 1723 
134 240 320 403 520 587 631 777 909 976 1035 1130 1188 1268 1312 1393 1496 1572 1648 1724 
135 241 321 404 521 588 632 778 910 977 1036 1131 1189 1269 1313 1394 1497 1573 1649 1725 
136 242 322 405 522 589 633 779 911 978 1037 1132 1190 1270 1314 1395 1498 1574 1650 1726 
137 243 323 406 523 590 634 780 836 979 1038 1133 1191 1271 1315 1396 1499 1575 1651 1727 
138 244 324 407 524 591 635 781 837 980 1039 1134 1192 1272 1316 1397 1500 1576 1652 1728 
139 245 325 408 525 592 636 782 838 981 1040 1135 1193 1273 1317 1398 1501 1577 1653 1729 
140 246 326 409 526 593 637 783 839 982 1041 1136 1194 1274 1318 1399 1502 1578 1654 1730 
141 247 327 410 527 594 638 784 840 983 1042 1137 1195 1275 1319 1400 1503 1579 1655 1731 
142 248 328 411 528 595 639 785 841 984 1043 1138 1196 1276 1320 1401 1504 1580 1656 1732 
143 249 329 412 529 596 640 786 842 985 1044 1139 1197 1277 1321 1402 1505 1581 1657 1733 
144 250 330 413 530 597 641 787 843 986 1045 1064 1198 1278 1322 1403 1506 1582 1658 1734 
145 251 331 414 531 598 642 788 844 987 1046 1065 1199 1279 1323 1404 1507 1583 1659 1735 
146 252 332 415 456 599 643 789 845 912 1047 1066 1200 1280 1324 1405 1508 1584 1660 1736 
147 253 333 416 457 600 644 790 846 913 1048 1067 1201 1281 1325 1406 1509 1585 1661 1737 
148 254 334 417 458 601 645 791 847 914 1049 1068 1202 1282 1326 1407 1510 1586 1662 1738 
149 255 335 418 459 602 646 792 848 915 1050 1069 1203 1283 1327 1408 1511 1587 1663 1739 
150 256 336 419 460 603 647 793 849 916 1051 1070 1204 1284 1328 1409 1512 1588 1664 1740 
151 257 337 420 461 604 648 794 850 917 1052 1071 1205 1285 1329 1410 1513 1589 1665 1741 
76 258 338 421 462 605 649 795 851 918 1053 1072 1206 1286 1330 1411 1514 1590 1666 1742 
77 259 339 422 463 606 650 796 852 919 1054 1073 1207 1287 1331 1412 1515 1591 1667 1743 
78 260 340 423 464 607 651 797 853 920 1055 1074 1208 1288 1332 1413 1516 1592 1668 1744 
79 261 341 424 465 532 652 798 854 921 1056 1075 1209 1289 1333 1414 1517 1593 1669 1745 
80 262 342 425 466 533 653 799 855 922 1057 1076 1210 1290 1334 1415 1518 1594 1670 1746 
81 263 343 426 467 534 654 800 856 923 1058 1077 1211 1291 1335 1416 1519 1595 1671 1747 
51 81 159 232 371 477 639 708 775 897 917 997 1074 1142 1276 1304 1435 1459 1672 1748 
52 82 160 233 372 478 640 709 776 898 918 998 1075 1143 1277 1305 1436 1460 1673 1749 
53 83 161 234 373 479 641 710 777 899 919 999 1076 1144 1278 1306 1437 1461 1674 1750 
54 84 162 235 374 480 642 711 778 900 920 1000 1077 1145 1279 1307 1438 1462 1675 1751 
55 85 163 236 375 481 643 712 779 901 921 1001 1078 1146 1280 1308 1439 1463 1676 1752 
56 86 164 237 376 482 644 713 780 902 922 1002 1079 1147 1281 1309 1440 1464 1677 1753 
57 87 165 238 377 483 645 714 781 903 923 1003 1080 1148 1282 1310 1441 1465 1678 1754 
58 88 166 239 378 484 646 715 782 904 924 1004 1081 1149 1283 1311 1442 1466 1679 1755 
59 89 167 240 379 485 647 716 783 905 925 1005 1082 1150 1284 1312 1443 1467 1680 1756 
60 90 168 241 304 486 648 717 784 906 926 1006 1083 1151 1285 1313 1368 1468 1681 1757 
61 91 169 242 305 487 649 718 785 907 927 1007 1084 1152 1286 1314 1369 1469 1682 1758 
62 92 170 243 306 488 650 719 786 908 928 1008 1085 1153 1287 1315 1370 1470 1683 1759 
63 93 171 244 307 489 651 720 787 909 929 1009 1086 1154 1288 1316 1371 1471 1684 1760 
64 94 172 245 308 490 652 721 788 910 930 1010 1087 1155 1289 1317 1372 1472 1685 1761 
65 95 173 246 309 491 653 722 789 911 931 1011 1088 1156 1290 1318 1373 1473 1686 1762 
66 96 174 247 310 492 654 723 790 836 932 1012 1089 1157 1291 1319 1374 1474 1687 1763 
67 97 175 248 311 493 655 724 791 837 933 1013 1090 1158 1216 1320 1375 1475 1688 1764 
68 98 176 249 312 494 656 725 792 838 934 1014 1091 1159 1217 1321 1376 1476 1689 1765 
69 99 177 250 313 495 657 726 793 839 935 1015 1092 1160 1218 1322 1377 1477 1690 1766 
70 100 178 251 314 496 658 727 794 840 936 1016 1093 1161 1219 1323 1378 1478 1691 1767 
71 101 179 252 315 497 659 728 795 841 937 1017 1094 1162 1220 1324 1379 1479 1692 1768 
72 102 180 253 316 498 660 729 796 842 938 1018 1095 1163 1221 1325 1380 1480 1693 1769 
73 103 181 254 317 499 661 730 797 843 939 1019 1096 1164 1222 1326 1381 1481 1694 1770 
74 104 182 255 318 500 662 731 798 844 940 1020 1097 1165 1223 1327 1382 1482 1695 1771 
75 105 183 256 319 501 663 732 799 845 941 1021 1098 1166 1224 1328 1383 1483 1696 1772 
0 106 184 257 320 502 664 733 800 846 942 1022 1099 1167 1225 1329 1384 1484 1697 1773 
1 107 185 258 321 503 665 734 801 847 943 1023 1100 1168 1226 1330 1385 1485 1698 1774 
2 108 186 259 322 504 666 735 802 848 944 1024 1101 1169 1227 1331 1386 1486 1699 1775 
3 109 187 260 323 505 667 736 803 849 945 1025 1102 1170 1228 1332 1387 1487 1700 1776 
4 110 188 261 324 506 668 737 804 850 946 1026 1103 1171 1229 1333 1388 1488 1701 1777 
5 111 189 262 325 507 669 738 805 851 947 1027 1104 1172 1230 1334 1389 1489 1702 1778 
6 112 190 263 326 508 670 739 806 852 948 1028 1105 1173 1231 1335 1390 1490 1703 1779 
7 113 191 264 327 509 671 740 807 853 949 1029 1106 1174 1232 1336 1391 1491 1704 1780 
8 114 192 265 328 510 672 741 808 854 950 1030 1107 1175 1233 1337 1392 1492 1705 1781 
9 115 193 266 329 511 673 742 809 855 951 1031 1108 1176 1234 1338 1393 1493 1706 1782 
10 116 194 267 330 512 674 743 810 856 952 1032 1109 1177 1235 1339 1394 1494 1707 1783 
11 117 195 268 331 513 675 744 811 857 953 1033 1110 1178 1236 1340 1395 1495 1708 1784 
12 118 196 269 332 514 676 745 812 858 954 1034 1111 1179 1237 1341 1396 1496 1709 1785 
13 119 197 270 333 515 677 746 813 859 955 1035 1112 1180 1238 1342 1397 1497 1710 1786 
14 120 198 271 334 516 678 747 814 860 956 1036 1113 1181 1239 1343 1398 1498 1711 1787 
15 121 199 272 335 517 679 748 815 861 957 1037 1114 1182 1240 1344 1399 1499 1712 1788 
16 122 200 273 336 518 680 749 816 862 958 1038 1115 1183 1241 1345 1400 1500 1713 1789 
17 123 201 274 337 519 681 750 817 863 959 1039 1116 1184 1242 1346 1401 1501 1714 1790 
18 124 202 275 338 520 682 751 818 864 960 1040 1117 1185 1243 1347 1402 1502 1715 1791 
19 125 203 276 339 521 683 752 819 865 961 1041 1118 1186 1244 1348 1403 1503 1716 1792 
20 126 204 277 340 522 608 753 820 866 962 1042 1119 1187 1245 1349 1404 1504 1717 1793 
21 127 205 278 341 523 609 754 821 867 963 1043 1120 1188 1246 1350 1405 1505 1718 1794 
22 128 206 279 342 524 610 755 822 868 964 1044 1121 1189 1247 1351 1406 1506 1719 1795 
23 129 207 280 343 525 611 756 823 869 965 1045 1122 1190 1248 1352 1407 1507 1720 1796 
24 130 208 281 344 526 612 757 824 870 966 1046 1123 1191 1249 1353 1408 1508 1721 1797 
25 131 209 282 345 527 613 758 825 871 967 1047 1124 1192 1250 1354 1409 1509 1722 1798 
26 132 210 283 346 528 614 759 826 872 968 1048 1125 1193 1251 1355 1410 1510 1723 1799 
27 133 211 284 347 529 615 684 827 873 969 1049 1126 1194 1252 1356 1411 1511 1724 1800 
28 134 212 285 348 530 616 685 828 874 970 1050 1127 1195 1253 1357 1412 1512 1725 1801 
29 135 213 286 349 531 617 686 829 875 971 1051 1128 1196 1254 1358 1413 1513 1726 1802 
30 136 214 287 350 456 618 687 830 876 972 1052 1129 1197 1255 1359 1414 1514 1727 1803 
31 137 215 288 351 457 619 688 831 877 973 1053 1130 1198 1256 1360 1415 1515 1728 1804 
32 138 216 289 352 458 620 689 832 878 974 1054 1131 1199 1257 1361 1416 1516 1729 1805 
33 139 217 290 353 459 621 690 833 879 975 1055 1132 1200 1258 1362 1417 1517 1730 1806 
34 140 218 291 354 460 622 691 834 880 976 1056 1133 1201 1259 1363 1418 1518 1731 1807 
35 141 219 292 355 461 623 692 835 881 977 1057 1134 1202 1260 1364 1419 1519 1732 1808 
36 142 220 293 356 462 624 693 760 882 978 1058 1135 1203 1261 1365 1420 1444 1733 1809 
37 143 221 294 357 463 625 694 761 883 979 1059 1136 1204 1262 1366 1421 1445 1734 1810 
38 144 222 295 358 464 626 695 762 884 980 1060 1137 1205 1263 1367 1422 1446 1735 1811 
39 145 223 296 359 465 627 696 763 885 981 1061 1138 1206 1264 1292 1423 1447 1736 1812 
40 146 224 297 360 466 628 697 764 886 982 1062 1139 1207 1265 1293 1424 1448 1737 1813 
41 147 225 298 361 467 629 698 765 887 983 1063 1064 1208 1266 1294 1425 1449 1738 1814 
42 148 226 299 362 468 630 699 766 888 984 988 1065 1209 1267 1295 1426 1450 1739 1815 
43 149 227 300 363 469 631 700 767 889 985 989 1066 1210 1268 1296 1427 1451 1740 1816 
44 150 152 301 364 470 632 701 768 890 986 990 1067 1211 1269 1297 1428 1452 1741 1817 
45 151 153 302 365 471 633 702 769 891 987 991 1068 1212 1270 1298 1429 1453 1742 1818 
46 76 154 303 366 472 634 703 770 892 912 992 1069 1213 1271 1299 1430 1454 1743 1819 
47 77 155 228 367 473 635 704 771 893 913 993 1070 1214 1272 1300 1431 1455 1744 1820 
48 78 156 229 368 474 636 705 772 894 914 994 1071 1215 1273 1301 1432 1456 1745 1821 
49 79 157 230 369 475 637 706 773 895 915 995 1072 1140 1274 1302 1433 1457 1746 1822 
50 80 158 231 370 476 638 707 774 896 916 996 1073 1141 1275 1303 1434 1458 1747 1823 
50 202 243 416 469 542 619 704 813 850 941 1004 1121 1170 1224 1308 1379 1510 1524 1748 
51 203 244 417 470 543 620 705 814 851 942 1005 1122 1171 1225 1309 1380 1511 1525 1749 
52 204 245 418 471 544 621 706 815 852 943 1006 1123 1172 1226 1310 1381 1512 1526 1750 
53 205 246 419 472 545 622 707 816 853 944 1007 1124 1173 1227 1311 1382 1513 1527 1751 
54 206 247 420 473 546 623 708 817 854 945 1008 1125 1174 1228 1312 1383 1514 1528 1752 
55 207 248 421 474 547 624 709 818 855 946 1009 1126 1175 1229 1313 1384 1515 1529 1753 
56 208 249 422 475 548 625 710 819 856 947 1010 1127 1176 1230 1314 1385 1516 1530 1754 
57 209 250 423 476 549 626 711 820 857 948 1011 1128 1177 1231 1315 1386 1517 1531 1755 
58 210 251 424 477 550 627 712 821 858 949 1012 1129 1178 1232 1316 1387 1518 1532 1756 
59 211 252 425 478 551 628 713 822 859 950 1013 1130 1179 1233 1317 1388 1519 1533 1757 
60 212 253 426 479 552 629 714 823 860 951 1014 1131 1180 1234 1318 1389 1444 1534 1758 
61 213 254 427 480 553 630 715 824 861 952 1015 1132 1181 1235 1319 1390 1445 1535 1759 
62 214 255 428 481 554 631 716 825 862 953 1016 1133 1182 1236 1320 1391 1446 1536 1760 
63 215 256 429 482 555 632 717 826 863 954 1017 1134 1183 1237 1321 1392 1447 1537 1761 
64 216 257 430 483 556 633 718 827 864 955 1018 1135 1184 1238 1322 1393 1448 1538 1762 
65 217 258 431 484 557 634 719 828 865 956 1019 1136 1185 1239 1323 1394 1449 1539 1763 
66 218 259 432 485 558 635 720 829 866 957 1020 1137 1186 1240 1324 1395 1450 1540 1764 
67 219 260 433 486 559 636 721 830 867 958 1021 1138 1187 1241 1325 1396 1451 1541 1765 
68 220 261 434 487 560 637 722 831 868 959 1022 1139 1188 1242 1326 1397 1452 1542 1766 
69 221 262 435 488 561 638 723 832 869 960 1023 1064 1189 1243 1327 1398 1453 1543 1767 
70 222 263 436 489 562 639 724 833 870 961 1024 1065 1190 1244 1328 1399 1454 1544 1768 
71 223 264 437 490 563 640 725 834 871 962 1025 1066 1191 1245 1329 1400 1455 1545 1769 
72 224 265 438 491 564 641 726 835 872 963 1026 1067 1192 1246 1330 1401 1456 1546 1770 
73 225 266 439 492 565 642 727 760 873 964 1027 1068 1193 1247 1331 1402 1457 1547 1771 
74 226 267 440 493 566 643 728 761 874 965 1028 1069 1194 1248 1332 1403 1458 1548 1772 
75 227 268 441 494 567 644 729 762 875 966 1029 1070 1195 1249 1333 1404 1459 1549 1773 
0 152 269 442 495 568 645 730 763 876 967 1030 1071 1196 1250 1334 1405 1460 1550 1774 
1 153 270 443 496 569 646 731 764 877 968 1031 1072 1197 1251 1335 1406 1461 1551 1775 
2 154 271 444 497 570 647 732 765 878 969 1032 1073 1198 1252 1336 1407 1462 1552 1776 
3 155 272 445 498 571 648 733 766 879 970 1033 1074 1199 1253 1337 1408 1463 1553 1777 
4 156 273 446 499 572 649 734 767 880 971 1034 1075 1200 1254 1338 1409 1464 1554 1778 
5 157 274 447 500 573 650 735 768 881 972 1035 1076 1201 1255 1339 1410 1465 1555 1779 
6 158 275 448 501 574 651 736 769 882 973 1036 1077 1202 1256 1340 1411 1466 1556 1780 
7 159 276 449 502 575 652 737 770 883 974 1037 1078 1203 1257 1341 1412 1467 1557 1781 
8 160 277 450 503 576 653 738 771 884 975 1038 1079 1204 1258 1342 1413 1468 1558 1782 
9 161 278 451 504 577 654 739 772 885 976 1039 1080 1205 1259 1343 1414 1469 1559 1783 
10 162 279 452 505 578 655 740 773 886 977 1040 1081 1206 1260 1344 1415 1470 1560 1784 
11 163 280 453 506 579 656 741 774 887 978 1041 1082 1207 1261 1345 1416 1471 1561 1785 
12 164 281 454 507 580 657 742 775 888 979 1042 1083 1208 1262 1346 1417 1472 1562 1786 
13 165 282 455 508 581 658 743 776 889 980 1043 1084 1209 1263 1347 1418 1473 1563 1787 
14 166 283 380 509 582 659 744 777 890 981 1044 1085 1210 1264 1348 1419 1474 1564 1788 
15 167 284 381 510 583 660 745 778 891 982 1045 1086 1211 1265 1349 1420 1475 1565 1789 
16 168 285 382 511 584 661 746 779 892 983 1046 1087 1212 1266 1350 1421 1476 1566 1790 
17 169 286 383 512 585 662 747 780 893 984 1047 1088 1213 1267 1351 1422 1477 1567 1791 
18 170 287 384 513 586 663 748 781 894 985 1048 1089 1214 1268 1352 1423 1478 1568 1792 
19 171 288 385 514 587 664 749 782 895 986 1049 1090 1215 1269 1353 1424 1479 1569 1793 
20 172 289 386 515 588 665 750 783 896 987 1050 1091 1140 1270 1354 1425 1480 1570 1794 
21 173 290 387 516 589 666 751 784 897 912 1051 1092 1141 1271 1355 1426 1481 1571 1795 
22 174 291 388 517 590 667 752 785 898 913 1052 1093 1142 1272 1356 1427 1482 1572 1796 
23 175 292 389 518 591 668 753 786 899 914 1053 1094 1143 1273 1357 1428 1483 1573 1797 
24 176 293 390 519 592 669 754 787 900 915 1054 1095 1144 1274 1358 1429 1484 1574 1798 
25 177 294 391 520 593 670 755 788 901 916 1055 1096 1145 1275 1359 1430 1485 1575 1799 
26 178 295 392 521 594 671 756 789 902 917 1056 1097 1146 1276 1360 1431 1486 1576 1800 
27 179 296 393 522 595 672 757 790 903 918 1057 1098 1147 1277 1361 1432 1487 1577 1801 
28 180 297 394 523 596 673 758 791 904 919 1058 1099 1148 1278 1362 1433 1488 1578 1802 
29 181 298 395 524 597 674 759 792 905 920 1059 1100 1149 1279 1363 1434 1489 1579 1803 
30 182 299 396 525 598 675 684 793 906 921 1060 1101 1150 1280 1364 1435 1490 1580 1804 
31 183 300 397 526 599 676 685 794 907 922 1061 1102 1151 1281 1365 1436 1491 1581 1805 
32 184 301 398 527 600 677 686 795 908 923 1062 1103 1152 1282 1366 1437 1492 1582 1806 
33 185 302 399 528 601 678 687 796 909 924 1063 1104 1153 1283 1367 1438 1493 1583 1807 
34 186 303 400 529 602 679 688 797 910 925 988 1105 1154 1284 1292 1439 1494 1584 1808 
35 187 228 401 530 603 680 689 798 911 926 989 1106 1155 1285 1293 1440 1495 1585 1809 
36 188 229 402 531 604 681 690 799 836 927 990 1107 1156 1286 1294 1441 1496 1586 1810 
37 189 230 403 456 605 682 691 800 837 928 991 1108 1157 1287 1295 1442 1497 1587 1811 
38 190 231 404 457 606 683 692 801 838 929 992 1109 1158 1288 1296 1443 1498 1588 1812 
39 191 232 405 458 607 608 693 802 839 930 993 1110 1159 1289 1297 1368 1499 1589 1813 
40 192 233 406 459 532 609 694 803 840 931 994 1111 1160 1290 1298 1369 1500 1590 1814 
41 193 234 407 460 533 610 695 804 841 932 995 1112 1161 1291 1299 1370 1501 1591 1815 
42 194 235 408 461 534 611 696 805 842 933 996 1113 1162 1216 1300 1371 1502 1592 1816 
43 195 236 409 462 535 612 697 806 843 934 997 1114 1163 1217 1301 1372 1503 1593 1817 
44 196 237 410 463 536 613 698 807 844 935 998 1115 1164 1218 1302 1373 1504 1594 1818 
45 197 238 411 464 537 614 699 808 845 936 999 1116 1165 1219 1303 1374 1505 1595 1819 
46 198 239 412 465 538 615 700 809 846 937 1000 1117 1166 1220 1304 1375 1506 1520 1820 
47 199 240 413 466 539 616 701 810 847 938 1001 1118 1167 1221 1305 1376 1507 1521 1821 
48 200 241 414 467 540 617 702 811 848 939 1002 1119 1168 1222 1306 1377 1508 1522 1822 
49 201 242 415 468 541 618 703 812 849 940 1003 1120 1169 1223 1307 1378 1509 1523 1823 

