1 105 215 367 404 571 644 728 806 932 962 1073 1125 1200 1316 1380 1444 1597 1600 1680 
2 106 216 368 405 572 645 729 807 933 963 1074 1126 1201 1317 1381 1445 1598 1601 1681 
3 107 217 369 406 573 646 730 808 934 964 1075 1127 1202 1318 1382 1446 1599 1602 1682 
4 108 218 370 407 574 647 731 809 935 965 1076 1128 1203 1319 1383 1447 1520 1603 1683 
5 109 219 371 408 575 648 732 810 936 966 1077 1129 1204 1320 1384 1448 1521 1604 1684 
6 110 220 372 409 576 649 733 811 937 967 1078 1130 1205 1321 1385 1449 1522 1605 1685 
7 111 221 373 410 577 650 734 812 938 968 1079 1131 1206 1322 1386 1450 1523 1606 1686 
8 112 222 374 411 578 651 735 813 939 969 1080 1132 1207 1323 1387 1451 1524 1607 1687 
9 113 223 375 412 579 652 736 814 940 970 1081 1133 1208 1324 1388 1452 1525 1608 1688 
10 114 224 376 413 580 653 737 815 941 971 1082 1134 1209 1325 1389 1453 1526 1609 1689 
11 115 225 377 414 581 654 738 816 942 972 1083 1135 1210 1326 1390 1454 1527 1610 1690 
12 116 226 378 415 582 655 739 817 943 973 1084 1136 1211 1327 1391 1455 1528 1611 1691 
13 117 227 379 416 583 656 740 818 944 974 1085 1137 1212 1328 1392 1456 1529 1612 1692 
14 118 228 380 417 584 657 741 819 945 975 1086 1138 1213 1329 1393 1457 1530 1613 1693 
15 119 229 381 418 585 658 742 820 946 976 1087 1139 1214 1330 1394 1458 1531 1614 1694 
16 120 230 382 419 586 659 743 821 947 977 1088 1140 1215 1331 1395 1459 1532 1615 1695 
17 121 231 383 420 587 660 744 822 948 978 1089 1141 1216 1332 1396 1460 1533 1616 1696 
18 122 232 384 421 588 661 745 823 949 979 1090 1142 1217 1333 1397 1461 1534 1617 1697 
19 123 233 385 422 589 662 746 824 950 980 1091 1143 1218 1334 1398 1462 1535 1618 1698 
20 124 234 386 423 590 663 747 825 951 981 1092 1144 1219 1335 1399 1463 1536 1619 1699 
21 125 235 387 424 591 664 748 826 952 982 1093 1145 1220 1336 1400 1464 1537 1620 1700 
22 126 236 388 425 592 665 749 827 953 983 1094 1146 1221 1337 1401 1465 1538 1621 1701 
23 127 237 389 426 593 666 750 828 954 984 1095 1147 1222 1338 1402 1466 1539 1622 1702 
24 128 238 390 427 594 667 751 829 955 985 1096 1148 1223 1339 1403 1467 1540 1623 1703 
25 129 239 391 428 595 668 752 830 956 986 1097 1149 1224 1340 1404 1468 1541 1624 1704 
26 130 160 392 429 596 669 753 831 957 987 1098 1150 1225 1341 1405 1469 1542 1625 1705 
27 131 161 393 430 597 670 754 832 958 988 1099 1151 1226 1342 1406 1470 1543 1626 1706 
28 132 162 394 431 598 671 755 833 959 989 1100 1152 1227 1343 1407 1471 1544 1627 1707 
29 133 163 395 432 599 672 756 834 880 990 1101 1153 1228 1344 1408 1472 1545 1628 1708 
30 134 164 396 433 600 673 757 835 881 991 1102 1154 1229 1345 1409 1473 1546 1629 1709 
31 135 165 397 434 601 674 758 836 882 992 1103 1155 1230 1346 1410 1474 1547 1630 1710 
32 136 166 398 435 602 675 759 837 883 993 1104 1156 1231 1347 1411 1475 1548 1631 1711 
33 137 167 399 436 603 676 760 838 884 994 1105 1157 1232 1348 1412 1476 1549 1632 1712 
34 138 168 320 437 604 677 761 839 885 995 1106 1158 1233 1349 1413 1477 1550 1633 1713 
35 139 169 321 438 605 678 762 840 886 996 1107 1159 1234 1350 1414 1478 1551 1634 1714 
36 140 170 322 439 606 679 763 841 887 997 1108 1160 1235 1351 1415 1479 1552 1635 1715 
37 141 171 323 440 607 680 764 842 888 998 1109 1161 1236 1352 1416 1480 1553 1636 1716 
38 142 172 324 441 608 681 765 843 889 999 1110 1162 1237 1353 1417 1481 1554 1637 1717 
39 143 173 325 442 609 682 766 844 890 1000 1111 1163 1238 1354 1418 1482 1555 1638 1718 
40 144 174 326 443 610 683 767 845 891 1001 1112 1164 1239 1355 1419 1483 1556 1639 1719 
41 145 175 327 444 611 684 768 846 892 1002 1113 1165 1240 1356 1420 1484 1557 1640 1720 
42 146 176 328 445 612 685 769 847 893 1003 1114 1166 1241 1357 1421 1485 1558 1641 1721 
43 147 177 329 446 613 686 770 848 894 1004 1115 1167 1242 1358 1422 1486 1559 1642 1722 
44 148 178 330 447 614 687 771 849 895 1005 1116 1168 1243 1359 1423 1487 1560 1643 1723 
45 149 179 331 448 615 688 772 850 896 1006 1117 1169 1244 1280 1424 1488 1561 1644 1724 
46 150 180 332 449 616 689 773 851 897 1007 1118 1170 1245 1281 1425 1489 1562 1645 1725 
47 151 181 333 450 617 690 774 852 898 1008 1119 1171 1246 1282 1426 1490 1563 1646 1726 
48 152 182 334 451 618 691 775 853 899 1009 1040 1172 1247 1283 1427 1491 1564 1647 1727 
49 153 183 335 452 619 692 776 854 900 1010 1041 1173 1248 1284 1428 1492 1565 1648 1728 
50 154 184 336 453 620 693 777 855 901 1011 1042 1174 1249 1285 1429 1493 1566 1649 1729 
51 155 185 337 454 621 694 778 856 902 1012 1043 1175 1250 1286 1430 1494 1567 1650 1730 
52 156 186 338 455 622 695 779 857 903 1013 1044 1176 1251 1287 1431 1495 1568 1651 1731 
53 157 187 339 456 623 696 780 858 904 1014 1045 1177 1252 1288 1432 1496 1569 1652 1732 
54 158 188 340 457 624 697 781 859 905 1015 1046 1178 1253 1289 1433 1497 1570 1653 1733 
55 159 189 341 458 625 698 782 860 906 1016 1047 1179 1254 1290 1434 1498 1571 1654 1734 
56 80 190 342 459 626 699 783 861 907 1017 1048 1180 1255 1291 1435 1499 1572 1655 1735 
57 81 191 343 460 627 700 784 862 908 1018 1049 1181 1256 1292 1436 1500 1573 1656 1736 
58 82 192 344 461 628 701 785 863 909 1019 1050 1182 1257 1293 1437 1501 1574 1657 1737 
59 83 193 345 462 629 702 786 864 910 1020 1051 1183 1258 1294 1438 1502 1575 1658 1738 
60 84 194 346 463 630 703 787 865 911 1021 1052 1184 1259 1295 1439 1503 1576 1659 1739 
61 85 195 347 464 631 704 788 866 912 1022 1053 1185 1260 1296 1360 1504 1577 1660 1740 
62 86 196 348 465 632 705 789 867 913 1023 1054 1186 1261 1297 1361 1505 1578 1661 1741 
63 87 197 349 466 633 706 790 868 914 1024 1055 1187 1262 1298 1362 1506 1579 1662 1742 
64 88 198 350 467 634 707 791 869 915 1025 1056 1188 1263 1299 1363 1507 1580 1663 1743 
65 89 199 351 468 635 708 792 870 916 1026 1057 1189 1264 1300 1364 1508 1581 1664 1744 
66 90 200 352 469 636 709 793 871 917 1027 1058 1190 1265 1301 1365 1509 1582 1665 1745 
67 91 201 353 470 637 710 794 872 918 1028 1059 1191 1266 1302 1366 1510 1583 1666 1746 
68 92 202 354 471 638 711 795 873 919 1029 1060 1192 1267 1303 1367 1511 1584 1667 1747 
69 93 203 355 472 639 712 796 874 920 1030 1061 1193 1268 1304 1368 1512 1585 1668 1748 
70 94 204 356 473 560 713 797 875 921 1031 1062 1194 1269 1305 1369 1513 1586 1669 1749 
71 95 205 357 474 561 714 798 876 922 1032 1063 1195 1270 1306 1370 1514 1587 1670 1750 
72 96 206 358 475 562 715 799 877 923 1033 1064 1196 1271 1307 1371 1515 1588 1671 1751 
73 97 207 359 476 563 716 720 878 924 1034 1065 1197 1272 1308 1372 1516 1589 1672 1752 
74 98 208 360 477 564 717 721 879 925 1035 1066 1198 1273 1309 1373 1517 1590 1673 1753 
75 99 209 361 478 565 718 722 800 926 1036 1067 1199 1274 1310 1374 1518 1591 1674 1754 
76 100 210 362 479 566 719 723 801 927 1037 1068 1120 1275 1311 1375 1519 1592 1675 1755 
77 101 211 363 400 567 640 724 802 928 1038 1069 1121 1276 1312 1376 1440 1593 1676 1756 
78 102 212 364 401 568 641 725 803 929 1039 1070 1122 1277 1313 1377 1441 1594 1677 1757 
79 103 213 365 402 569 642 726 804 930 960 1071 1123 1278 1314 1378 1442 1595 1678 1758 
0 104 214 366 403 570 643 727 805 931 961 1072 1124 1279 1315 1379 1443 1596 1679 1759 
86 276 360 447 492 639 687 841 901 972 1111 1134 1272 1280 1404 1489 1520 1600 1680 1760 
87 277 361 448 493 560 688 842 902 973 1112 1135 1273 1281 1405 1490 1521 1601 1681 1761 
88 278 362 449 494 561 689 843 903 974 1113 1136 1274 1282 1406 1491 1522 1602 1682 1762 
89 279 363 450 495 562 690 844 904 975 1114 1137 1275 1283 1407 1492 1523 1603 1683 1763 
90 280 364 451 496 563 691 845 905 976 1115 1138 1276 1284 1408 1493 1524 1604 1684 1764 
91 281 365 452 497 564 692 846 906 977 1116 1139 1277 1285 1409 1494 1525 1605 1685 1765 
92 282 366 453 498 565 693 847 907 978 1117 1140 1278 1286 1410 1495 1526 1606 1686 1766 
93 283 367 454 499 566 694 848 908 979 1118 1141 1279 1287 1411 1496 1527 1607 1687 1767 
94 284 368 455 500 567 695 849 909 980 1119 1142 1200 1288 1412 1497 1528 1608 1688 1768 
95 285 369 456 501 568 696 850 910 981 1040 1143 1201 1289 1413 1498 1529 1609 1689 1769 
96 286 370 457 502 569 697 851 911 982 1041 1144 1202 1290 1414 1499 1530 1610 1690 1770 
97 287 371 458 503 570 698 852 912 983 1042 1145 1203 1291 1415 1500 1531 1611 1691 1771 
98 288 372 459 504 571 699 853 913 984 1043 1146 1204 1292 1416 1501 1532 1612 1692 1772 
99 289 373 460 505 572 700 854 914 985 1044 1147 1205 1293 1417 1502 1533 1613 1693 1773 
100 290 374 461 506 573 701 855 915 986 1045 1148 1206 1294 1418 1503 1534 1614 1694 1774 
101 291 375 462 507 574 702 856 916 987 1046 1149 1207 1295 1419 1504 1535 1615 1695 1775 
102 292 376 463 508 575 703 857 917 988 1047 1150 1208 1296 1420 1505 1536 1616 1696 1776 
103 293 377 464 509 576 704 858 918 989 1048 1151 1209 1297 1421 1506 1537 1617 1697 1777 
104 294 378 465 510 577 705 859 919 990 1049 1152 1210 1298 1422 1507 1538 1618 1698 1778 
105 295 379 466 511 578 706 860 920 991 1050 1153 1211 1299 1423 1508 1539 1619 1699 1779 
106 296 380 467 512 579 707 861 921 992 1051 1154 1212 1300 1424 1509 1540 1620 1700 1780 
107 297 381 468 513 580 708 862 922 993 1052 1155 1213 1301 1425 1510 1541 1621 1701 1781 
108 298 382 469 514 581 709 863 923 994 1053 1156 1214 1302 1426 1511 1542 1622 1702 1782 
109 299 383 470 515 582 710 864 924 995 1054 1157 1215 1303 1427 1512 1543 1623 1703 1783 
110 300 384 471 516 583 711 865 925 996 1055 1158 1216 1304 1428 1513 1544 1624 1704 1784 
111 301 385 472 517 584 712 866 926 997 1056 1159 1217 1305 1429 1514 1545 1625 1705 1785 
112 302 386 473 518 585 713 867 927 998 1057 1160 1218 1306 1430 1515 1546 1626 1706 1786 
113 303 387 474 519 586 714 868 928 999 1058 1161 1219 1307 1431 1516 1547 1627 1707 1787 
114 304 388 475 520 587 715 869 929 1000 1059 1162 1220 1308 1432 1517 1548 1628 1708 1788 
115 305 389 476 521 588 716 870 930 1001 1060 1163 1221 1309 1433 1518 1549 1629 1709 1789 
116 306 390 477 522 589 717 871 931 1002 1061 1164 1222 1310 1434 1519 1550 1630 1710 1790 
117 307 391 478 523 590 718 872 932 1003 1062 1165 1223 1311 1435 1440 1551 1631 1711 1791 
118 308 392 479 524 591 719 873 933 1004 1063 1166 1224 1312 1436 1441 1552 1632 1712 1792 
119 309 393 400 525 592 640 874 934 1005 1064 1167 1225 1313 1437 1442 1553 1633 1713 1793 
120 310 394 401 526 593 641 875 935 1006 1065 1168 1226 1314 1438 1443 1554 1634 1714 1794 
121 311 395 402 527 594 642 876 936 1007 1066 1169 1227 1315 1439 1444 1555 1635 1715 1795 
122 312 396 403 528 595 643 877 937 1008 1067 1170 1228 1316 1360 1445 1556 1636 1716 1796 
123 313 397 404 529 596 644 878 938 1009 1068 1171 1229 1317 1361 1446 1557 1637 1717 1797 
124 314 398 405 530 597 645 879 939 1010 1069 1172 1230 1318 1362 1447 1558 1638 1718 1798 
125 315 399 406 531 598 646 800 940 1011 1070 1173 1231 1319 1363 1448 1559 1639 1719 1799 
126 316 320 407 532 599 647 801 941 1012 1071 1174 1232 1320 1364 1449 1560 1640 1720 1800 
127 317 321 408 533 600 648 802 942 1013 1072 1175 1233 1321 1365 1450 1561 1641 1721 1801 
128 318 322 409 534 601 649 803 943 1014 1073 1176 1234 1322 1366 1451 1562 1642 1722 1802 
129 319 323 410 535 602 650 804 944 1015 1074 1177 1235 1323 1367 1452 1563 1643 1723 1803 
130 240 324 411 536 603 651 805 945 1016 1075 1178 1236 1324 1368 1453 1564 1644 1724 1804 
131 241 325 412 537 604 652 806 946 1017 1076 1179 1237 1325 1369 1454 1565 1645 1725 1805 
132 242 326 413 538 605 653 807 947 1018 1077 1180 1238 1326 1370 1455 1566 1646 1726 1806 
133 243 327 414 539 606 654 808 948 1019 1078 1181 1239 1327 1371 1456 1567 1647 1727 1807 
134 244 328 415 540 607 655 809 949 1020 1079 1182 1240 1328 1372 1457 1568 1648 1728 1808 
135 245 329 416 541 608 656 810 950 1021 1080 1183 1241 1329 1373 1458 1569 1649 1729 1809 
136 246 330 417 542 609 657 811 951 1022 1081 1184 1242 1330 1374 1459 1570 1650 1730 1810 
137 247 331 418 543 610 658 812 952 1023 1082 1185 1243 1331 1375 1460 1571 1651 1731 1811 
138 248 332 419 544 611 659 813 953 1024 1083 1186 1244 1332 1376 1461 1572 1652 1732 1812 
139 249 333 420 545 612 660 814 954 1025 1084 1187 1245 1333 1377 1462 1573 1653 1733 1813 
140 250 334 421 546 613 661 815 955 1026 1085 1188 1246 1334 1378 1463 1574 1654 1734 1814 
141 251 335 422 547 614 662 816 956 1027 1086 1189 1247 1335 1379 1464 1575 1655 1735 1815 
142 252 336 423 548 615 663 817 957 1028 1087 1190 1248 1336 1380 1465 1576 1656 1736 1816 
143 253 337 424 549 616 664 818 958 1029 1088 1191 1249 1337 1381 1466 1577 1657 1737 1817 
144 254 338 425 550 617 665 819 959 1030 1089 1192 1250 1338 1382 1467 1578 1658 1738 1818 
145 255 339 426 551 618 666 820 880 1031 1090 1193 1251 1339 1383 1468 1579 1659 1739 1819 
146 256 340 427 552 619 667 821 881 1032 1091 1194 1252 1340 1384 1469 1580 1660 1740 1820 
147 257 341 428 553 620 668 822 882 1033 1092 1195 1253 1341 1385 1470 1581 1661 1741 1821 
148 258 342 429 554 621 669 823 883 1034 1093 1196 1254 1342 1386 1471 1582 1662 1742 1822 
149 259 343 430 555 622 670 824 884 1035 1094 1197 1255 1343 1387 1472 1583 1663 1743 1823 
150 260 344 431 556 623 671 825 885 1036 1095 1198 1256 1344 1388 1473 1584 1664 1744 1824 
151 261 345 432 557 624 672 826 886 1037 1096 1199 1257 1345 1389 1474 1585 1665 1745 1825 
152 262 346 433 558 625 673 827 887 1038 1097 1120 1258 1346 1390 1475 1586 1666 1746 1826 
153 263 347 434 559 626 674 828 888 1039 1098 1121 1259 1347 1391 1476 1587 1667 1747 1827 
154 264 348 435 480 627 675 829 889 960 1099 1122 1260 1348 1392 1477 1588 1668 1748 1828 
155 265 349 436 481 628 676 830 890 961 1100 1123 1261 1349 1393 1478 1589 1669 1749 1829 
156 266 350 437 482 629 677 831 891 962 1101 1124 1262 1350 1394 1479 1590 1670 1750 1830 
157 267 351 438 483 630 678 832 892 963 1102 1125 1263 1351 1395 1480 1591 1671 1751 1831 
158 268 352 439 484 631 679 833 893 964 1103 1126 1264 1352 1396 1481 1592 1672 1752 1832 
159 269 353 440 485 632 680 834 894 965 1104 1127 1265 1353 1397 1482 1593 1673 1753 1833 
80 270 354 441 486 633 681 835 895 966 1105 1128 1266 1354 1398 1483 1594 1674 1754 1834 
81 271 355 442 487 634 682 836 896 967 1106 1129 1267 1355 1399 1484 1595 1675 1755 1835 
82 272 356 443 488 635 683 837 897 968 1107 1130 1268 1356 1400 1485 1596 1676 1756 1836 
83 273 357 444 489 636 684 838 898 969 1108 1131 1269 1357 1401 1486 1597 1677 1757 1837 
84 274 358 445 490 637 685 839 899 970 1109 1132 1270 1358 1402 1487 1598 1678 1758 1838 
85 275 359 446 491 638 686 840 900 971 1110 1133 1271 1359 1403 1488 1599 1679 1759 1839 
51 81 163 244 387 501 671 744 811 941 961 1049 1126 1278 1340 1368 1507 1535 1760 1840 
52 82 164 245 388 502 672 745 812 942 962 1050 1127 1279 1341 1369 1508 1536 1761 1841 
53 83 165 246 389 503 673 746 813 943 963 1051 1128 1200 1342 1370 1509 1537 1762 1842 
54 84 166 247 390 504 674 747 814 944 964 1052 1129 1201 1343 1371 1510 1538 1763 1843 
55 85 167 248 391 505 675 748 815 945 965 1053 1130 1202 1344 1372 1511 1539 1764 1844 
56 86 168 249 392 506 676 749 816 946 966 1054 1131 1203 1345 1373 1512 1540 1765 1845 
57 87 169 250 393 507 677 750 817 947 967 1055 1132 1204 1346 1374 1513 1541 1766 1846 
58 88 170 251 394 508 678 751 818 948 968 1056 1133 1205 1347 1375 1514 1542 1767 1847 
59 89 171 252 395 509 679 752 819 949 969 1057 1134 1206 1348 1376 1515 1543 1768 1848 
60 90 172 253 396 510 680 753 820 950 970 1058 1135 1207 1349 1377 1516 1544 1769 1849 
61 91 173 254 397 511 681 754 821 951 971 1059 1136 1208 1350 1378 1517 1545 1770 1850 
62 92 174 255 398 512 682 755 822 952 972 1060 1137 1209 1351 1379 1518 1546 1771 1851 
63 93 175 256 399 513 683 756 823 953 973 1061 1138 1210 1352 1380 1519 1547 1772 1852 
64 94 176 257 320 514 684 757 824 954 974 1062 1139 1211 1353 1381 1440 1548 1773 1853 
65 95 177 258 321 515 685 758 825 955 975 1063 1140 1212 1354 1382 1441 1549 1774 1854 
66 96 178 259 322 516 686 759 826 956 976 1064 1141 1213 1355 1383 1442 1550 1775 1855 
67 97 179 260 323 517 687 760 827 957 977 1065 1142 1214 1356 1384 1443 1551 1776 1856 
68 98 180 261 324 518 688 761 828 958 978 1066 1143 1215 1357 1385 1444 1552 1777 1857 
69 99 181 262 325 519 689 762 829 959 979 1067 1144 1216 1358 1386 1445 1553 1778 1858 
70 100 182 263 326 520 690 763 830 880 980 1068 1145 1217 1359 1387 1446 1554 1779 1859 
71 101 183 264 327 521 691 764 831 881 981 1069 1146 1218 1280 1388 1447 1555 1780 1860 
72 102 184 265 328 522 692 765 832 882 982 1070 1147 1219 1281 1389 1448 1556 1781 1861 
73 103 185 266 329 523 693 766 833 883 983 1071 1148 1220 1282 1390 1449 1557 1782 1862 
74 104 186 267 330 524 694 767 834 884 984 1072 1149 1221 1283 1391 1450 1558 1783 1863 
75 105 187 268 331 525 695 768 835 885 985 1073 1150 1222 1284 1392 1451 1559 1784 1864 
76 106 188 269 332 526 696 769 836 886 986 1074 1151 1223 1285 1393 1452 1560 1785 1865 
77 107 189 270 333 527 697 770 837 887 987 1075 1152 1224 1286 1394 1453 1561 1786 1866 
78 108 190 271 334 528 698 771 838 888 988 1076 1153 1225 1287 1395 1454 1562 1787 1867 
79 109 191 272 335 529 699 772 839 889 989 1077 1154 1226 1288 1396 1455 1563 1788 1868 
0 110 192 273 336 530 700 773 840 890 990 1078 1155 1227 1289 1397 1456 1564 1789 1869 
1 111 193 274 337 531 701 774 841 891 991 1079 1156 1228 1290 1398 1457 1565 1790 1870 
2 112 194 275 338 532 702 775 842 892 992 1080 1157 1229 1291 1399 1458 1566 1791 1871 
3 113 195 276 339 533 703 776 843 893 993 1081 1158 1230 1292 1400 1459 1567 1792 1872 
4 114 196 277 340 534 704 777 844 894 994 1082 1159 1231 1293 1401 1460 1568 1793 1873 
5 115 197 278 341 535 705 778 845 895 995 1083 1160 1232 1294 1402 1461 1569 1794 1874 
6 116 198 279 342 536 706 779 846 896 996 1084 1161 1233 1295 1403 1462 1570 1795 1875 
7 117 199 280 343 537 707 780 847 897 997 1085 1162 1234 1296 1404 1463 1571 1796 1876 
8 118 200 281 344 538 708 781 848 898 998 1086 1163 1235 1297 1405 1464 1572 1797 1877 
9 119 201 282 345 539 709 782 849 899 999 1087 1164 1236 1298 1406 1465 1573 1798 1878 
10 120 202 283 346 540 710 783 850 900 1000 1088 1165 1237 1299 1407 1466 1574 1799 1879 
11 121 203 284 347 541 711 784 851 901 1001 1089 1166 1238 1300 1408 1467 1575 1800 1880 
12 122 204 285 348 542 712 785 852 902 1002 1090 1167 1239 1301 1409 1468 1576 1801 1881 
13 123 205 286 349 543 713 786 853 903 1003 1091 1168 1240 1302 1410 1469 1577 1802 1882 
14 124 206 287 350 544 714 787 854 904 1004 1092 1169 1241 1303 1411 1470 1578 1803 1883 
15 125 207 288 351 545 715 788 855 905 1005 1093 1170 1242 1304 1412 1471 1579 1804 1884 
16 126 208 289 352 546 716 789 856 906 1006 1094 1171 1243 1305 1413 1472 1580 1805 1885 
17 127 209 290 353 547 717 790 857 907 1007 1095 1172 1244 1306 1414 1473 1581 1806 1886 
18 128 210 291 354 548 718 791 858 908 1008 1096 1173 1245 1307 1415 1474 1582 1807 1887 
19 129 211 292 355 549 719 792 859 909 1009 1097 1174 1246 1308 1416 1475 1583 1808 1888 
20 130 212 293 356 550 640 793 860 910 1010 1098 1175 1247 1309 1417 1476 1584 1809 1889 
21 131 213 294 357 551 641 794 861 911 1011 1099 1176 1248 1310 1418 1477 1585 1810 1890 
22 132 214 295 358 552 642 795 862 912 1012 1100 1177 1249 1311 1419 1478 1586 1811 1891 
23 133 215 296 359 553 643 796 863 913 1013 1101 1178 1250 1312 1420 1479 1587 1812 1892 
24 134 216 297 360 554 644 797 864 914 1014 1102 1179 1251 1313 1421 1480 1588 1813 1893 
25 135 217 298 361 555 645 798 865 915 1015 1103 1180 1252 1314 1422 1481 1589 1814 1894 
26 136 218 299 362 556 646 799 866 916 1016 1104 1181 1253 1315 1423 1482 1590 1815 1895 
27 137 219 300 363 557 647 720 867 917 1017 1105 1182 1254 1316 1424 1483 1591 1816 1896 
28 138 220 301 364 558 648 721 868 918 1018 1106 1183 1255 1317 1425 1484 1592 1817 1897 
29 139 221 302 365 559 649 722 869 919 1019 1107 1184 1256 1318 1426 1485 1593 1818 1898 
30 140 222 303 366 480 650 723 870 920 1020 1108 1185 1257 1319 1427 1486 1594 1819 1899 
31 141 223 304 367 481 651 724 871 921 1021 1109 1186 1258 1320 1428 1487 1595 1820 1900 
32 142 224 305 368 482 652 725 872 922 1022 1110 1187 1259 1321 1429 1488 1596 1821 1901 
33 143 225 306 369 483 653 726 873 923 1023 1111 1188 1260 1322 1430 1489 1597 1822 1902 
34 144 226 307 370 484 654 727 874 924 1024 1112 1189 1261 1323 1431 1490 1598 1823 1903 
35 145 227 308 371 485 655 728 875 925 1025 1113 1190 1262 1324 1432 1491 1599 1824 1904 
36 146 228 309 372 486 656 729 876 926 1026 1114 1191 1263 1325 1433 1492 1520 1825 1905 
37 147 229 310 373 487 657 730 877 927 1027 1115 1192 1264 1326 1434 1493 1521 1826 1906 
38 148 230 311 374 488 658 731 878 928 1028 1116 1193 1265 1327 1435 1494 1522 1827 1907 
39 149 231 312 375 489 659 732 879 929 1029 1117 1194 1266 1328 1436 1495 1523 1828 1908 
40 150 232 313 376 490 660 733 800 930 1030 1118 1195 1267 1329 1437 1496 1524 1829 1909 
41 151 233 314 377 491 661 734 801 931 1031 1119 1196 1268 1330 1438 1497 1525 1830 1910 
42 152 234 315 378 492 662 735 802 932 1032 1040 1197 1269 1331 1439 1498 1526 1831 1911 
43 153 235 316 379 493 663 736 803 933 1033 1041 1198 1270 1332 1360 1499 1527 1832 1912 
44 154 236 317 380 494 664 737 804 934 1034 1042 1199 1271 1333 1361 1500 1528 1833 1913 
45 155 237 318 381 495 665 738 805 935 1035 1043 1120 1272 1334 1362 1501 1529 1834 1914 
46 156 238 319 382 496 666 739 806 936 1036 1044 1121 1273 1335 1363 1502 1530 1835 1915 
47 157 239 240 383 497 667 740 807 937 1037 1045 1122 1274 1336 1364 1503 1531 1836 1916 
48 158 160 241 384 498 668 741 808 938 1038 1046 1123 1275 1337 1365 1504 1532 1837 1917 
49 159 161 242 385 499 669 742 809 939 1039 1047 1124 1276 1338 1366 1505 1533 1838 1918 
50 80 162 243 386 500 670 743 810 940 960 1048 1125 1277 1339 1367 1506 1534 1839 1919 
50 210 255 436 493 570 651 740 853 890 989 1052 1177 1230 1284 1372 1451 1586 1600 1840 
51 211 256 437 494 571 652 741 854 891 990 1053 1178 1231 1285 1373 1452 1587 1601 1841 
52 212 257 438 495 572 653 742 855 892 991 1054 1179 1232 1286 1374 1453 1588 1602 1842 
53 213 258 439 496 573 654 743 856 893 992 1055 1180 1233 1287 1375 1454 1589 1603 1843 
54 214 259 440 497 574 655 744 857 894 993 1056 1181 1234 1288 1376 1455 1590 1604 1844 
55 215 260 441 498 575 656 745 858 895 994 1057 1182 1235 1289 1377 1456 1591 1605 1845 
56 216 261 442 499 576 657 746 859 896 995 1058 1183 1236 1290 1378 1457 1592 1606 1846 
57 217 262 443 500 577 658 747 860 897 996 1059 1184 1237 1291 1379 1458 1593 1607 1847 
58 218 263 444 501 578 659 748 861 898 997 1060 1185 1238 1292 1380 1459 1594 1608 1848 
59 219 264 445 502 579 660 749 862 899 998 1061 1186 1239 1293 1381 1460 1595 1609 1849 
60 220 265 446 503 580 661 750 863 900 999 1062 1187 1240 1294 1382 1461 1596 1610 1850 
61 221 266 447 504 581 662 751 864 901 1000 1063 1188 1241 1295 1383 1462 1597 1611 1851 
62 222 267 448 505 582 663 752 865 902 1001 1064 1189 1242 1296 1384 1463 1598 1612 1852 
63 223 268 449 506 583 664 753 866 903 1002 1065 1190 1243 1297 1385 1464 1599 1613 1853 
64 224 269 450 507 584 665 754 867 904 1003 1066 1191 1244 1298 1386 1465 1520 1614 1854 
65 225 270 451 508 585 666 755 868 905 1004 1067 1192 1245 1299 1387 1466 1521 1615 1855 
66 226 271 452 509 586 667 756 869 906 1005 1068 1193 1246 1300 1388 1467 1522 1616 1856 
67 227 272 453 510 587 668 757 870 907 1006 1069 1194 1247 1301 1389 1468 1523 1617 1857 
68 228 273 454 511 588 669 758 871 908 1007 1070 1195 1248 1302 1390 1469 1524 1618 1858 
69 229 274 455 512 589 670 759 872 909 1008 1071 1196 1249 1303 1391 1470 1525 1619 1859 
70 230 275 456 513 590 671 760 873 910 1009 1072 1197 1250 1304 1392 1471 1526 1620 1860 
71 231 276 457 514 591 672 761 874 911 1010 1073 1198 1251 1305 1393 1472 1527 1621 1861 
72 232 277 458 515 592 673 762 875 912 1011 1074 1199 1252 1306 1394 1473 1528 1622 1862 
73 233 278 459 516 593 674 763 876 913 1012 1075 1120 1253 1307 1395 1474 1529 1623 1863 
74 234 279 460 517 594 675 764 877 914 1013 1076 1121 1254 1308 1396 1475 1530 1624 1864 
75 235 280 461 518 595 676 765 878 915 1014 1077 1122 1255 1309 1397 1476 1531 1625 1865 
76 236 281 462 519 596 677 766 879 916 1015 1078 1123 1256 1310 1398 1477 1532 1626 1866 
77 237 282 463 520 597 678 767 800 917 1016 1079 1124 1257 1311 1399 1478 1533 1627 1867 
78 238 283 464 521 598 679 768 801 918 1017 1080 1125 1258 1312 1400 1479 1534 1628 1868 
79 239 284 465 522 599 680 769 802 919 1018 1081 1126 1259 1313 1401 1480 1535 1629 1869 
0 160 285 466 523 600 681 770 803 920 1019 1082 1127 1260 1314 1402 1481 1536 1630 1870 
1 161 286 467 524 601 682 771 804 921 1020 1083 1128 1261 1315 1403 1482 1537 1631 1871 
2 162 287 468 525 602 683 772 805 922 1021 1084 1129 1262 1316 1404 1483 1538 1632 1872 
3 163 288 469 526 603 684 773 806 923 1022 1085 1130 1263 1317 1405 1484 1539 1633 1873 
4 164 289 470 527 604 685 774 807 924 1023 1086 1131 1264 1318 1406 1485 1540 1634 1874 
5 165 290 471 528 605 686 775 808 925 1024 1087 1132 1265 1319 1407 1486 1541 1635 1875 
6 166 291 472 529 606 687 776 809 926 1025 1088 1133 1266 1320 1408 1487 1542 1636 1876 
7 167 292 473 530 607 688 777 810 927 1026 1089 1134 1267 1321 1409 1488 1543 1637 1877 
8 168 293 474 531 608 689 778 811 928 1027 1090 1135 1268 1322 1410 1489 1544 1638 1878 
9 169 294 475 532 609 690 779 812 929 1028 1091 1136 1269 1323 1411 1490 1545 1639 1879 
10 170 295 476 533 610 691 780 813 930 1029 1092 1137 1270 1324 1412 1491 1546 1640 1880 
11 171 296 477 534 611 692 781 814 931 1030 1093 1138 1271 1325 1413 1492 1547 1641 1881 
12 172 297 478 535 612 693 782 815 932 1031 1094 1139 1272 1326 1414 1493 1548 1642 1882 
13 173 298 479 536 613 694 783 816 933 1032 1095 1140 1273 1327 1415 1494 1549 1643 1883 
14 174 299 400 537 614 695 784 817 934 1033 1096 1141 1274 1328 1416 1495 1550 1644 1884 
15 175 300 401 538 615 696 785 818 935 1034 1097 1142 1275 1329 1417 1496 1551 1645 1885 
16 176 301 402 539 616 697 786 819 936 1035 1098 1143 1276 1330 1418 1497 1552 1646 1886 
17 177 302 403 540 617 698 787 820 937 1036 1099 1144 1277 1331 1419 1498 1553 1647 1887 
18 178 303 404 541 618 699 788 821 938 1037 1100 1145 1278 1332 1420 1499 1554 1648 1888 
19 179 304 405 542 619 700 789 822 939 1038 1101 1146 1279 1333 1421 1500 1555 1649 1889 
20 180 305 406 543 620 701 790 823 940 1039 1102 1147 1200 1334 1422 1501 1556 1650 1890 
21 181 306 407 544 621 702 791 824 941 960 1103 1148 1201 1335 1423 1502 1557 1651 1891 
22 182 307 408 545 622 703 792 825 942 961 1104 1149 1202 1336 1424 1503 1558 1652 1892 
23 183 308 409 546 623 704 793 826 943 962 1105 1150 1203 1337 1425 1504 1559 1653 1893 
24 184 309 410 547 624 705 794 827 944 963 1106 1151 1204 1338 1426 1505 1560 1654 1894 
25 185 310 411 548 625 706 795 828 945 964 1107 1152 1205 1339 1427 1506 1561 1655 1895 
26 186 311 412 549 626 707 796 829 946 965 1108 1153 1206 1340 1428 1507 1562 1656 1896 
27 187 312 413 550 627 708 797 830 947 966 1109 1154 1207 1341 1429 1508 1563 1657 1897 
28 188 313 414 551 628 709 798 831 948 967 1110 1155 1208 1342 1430 1509 1564 1658 1898 
29 189 314 415 552 629 710 799 832 949 968 1111 1156 1209 1343 1431 1510 1565 1659 1899 
30 190 315 416 553 630 711 720 833 950 969 1112 1157 1210 1344 1432 1511 1566 1660 1900 
31 191 316 417 554 631 712 721 834 951 970 1113 1158 1211 1345 1433 1512 1567 1661 1901 
32 192 317 418 555 632 713 722 835 952 971 1114 1159 1212 1346 1434 1513 1568 1662 1902 
33 193 318 419 556 633 714 723 836 953 972 1115 1160 1213 1347 1435 1514 1569 1663 1903 
34 194 319 420 557 634 715 724 837 954 973 1116 1161 1214 1348 1436 1515 1570 1664 1904 
35 195 240 421 558 635 716 725 838 955 974 1117 1162 1215 1349 1437 1516 1571 1665 1905 
36 196 241 422 559 636 717 726 839 956 975 1118 1163 1216 1350 1438 1517 1572 1666 1906 
37 197 242 423 480 637 718 727 840 957 976 1119 1164 1217 1351 1439 1518 1573 1667 1907 
38 198 243 424 481 638 719 728 841 958 977 1040 1165 1218 1352 1360 1519 1574 1668 1908 
39 199 244 425 482 639 640 729 842 959 978 1041 1166 1219 1353 1361 1440 1575 1669 1909 
40 200 245 426 483 560 641 730 843 880 979 1042 1167 1220 1354 1362 1441 1576 1670 1910 
41 201 246 427 484 561 642 731 844 881 980 1043 1168 1221 1355 1363 1442 1577 1671 1911 
42 202 247 428 485 562 643 732 845 882 981 1044 1169 1222 1356 1364 1443 1578 1672 1912 
43 203 248 429 486 563 644 733 846 883 982 1045 1170 1223 1357 1365 1444 1579 1673 1913 
44 204 249 430 487 564 645 734 847 884 983 1046 1171 1224 1358 1366 1445 1580 1674 1914 
45 205 250 431 488 565 646 735 848 885 984 1047 1172 1225 1359 1367 1446 1581 1675 1915 
46 206 251 432 489 566 647 736 849 886 985 1048 1173 1226 1280 1368 1447 1582 1676 1916 
47 207 252 433 490 567 648 737 850 887 986 1049 1174 1227 1281 1369 1448 1583 1677 1917 
48 208 253 434 491 568 649 738 851 888 987 1050 1175 1228 1282 1370 1449 1584 1678 1918 
49 209 254 435 492 569 650 739 852 889 988 1051 1176 1229 1283 1371 1450 1585 1679 1919 

