94 233 695 723 967 1040 
95 234 696 724 968 1041 
96 235 697 725 969 1042 
97 236 698 726 970 1043 
98 237 699 727 971 1044 
99 238 700 728 972 1045 
100 239 701 729 973 1046 
101 160 702 730 974 1047 
102 161 703 731 975 1048 
103 162 704 732 976 1049 
104 163 705 733 977 1050 
105 164 706 734 978 1051 
106 165 707 735 979 1052 
107 166 708 736 980 1053 
108 167 709 737 981 1054 
109 168 710 738 982 1055 
110 169 711 739 983 1056 
111 170 712 740 984 1057 
112 171 713 741 985 1058 
113 172 714 742 986 1059 
114 173 715 743 987 1060 
115 174 716 744 988 1061 
116 175 717 745 989 1062 
117 176 718 746 990 1063 
118 177 719 747 991 1064 
119 178 640 748 992 1065 
120 179 641 749 993 1066 
121 180 642 750 994 1067 
122 181 643 751 995 1068 
123 182 644 752 996 1069 
124 183 645 753 997 1070 
125 184 646 754 998 1071 
126 185 647 755 999 1072 
127 186 648 756 1000 1073 
128 187 649 757 1001 1074 
129 188 650 758 1002 1075 
130 189 651 759 1003 1076 
131 190 652 760 1004 1077 
132 191 653 761 1005 1078 
133 192 654 762 1006 1079 
134 193 655 763 1007 1080 
135 194 656 764 1008 1081 
136 195 657 765 1009 1082 
137 196 658 766 1010 1083 
138 197 659 767 1011 1084 
139 198 660 768 1012 1085 
140 199 661 769 1013 1086 
141 200 662 770 1014 1087 
142 201 663 771 1015 1088 
143 202 664 772 1016 1089 
144 203 665 773 1017 1090 
145 204 666 774 1018 1091 
146 205 667 775 1019 1092 
147 206 668 776 1020 1093 
148 207 669 777 1021 1094 
149 208 670 778 1022 1095 
150 209 671 779 1023 1096 
151 210 672 780 1024 1097 
152 211 673 781 1025 1098 
153 212 674 782 1026 1099 
154 213 675 783 1027 1100 
155 214 676 784 1028 1101 
156 215 677 785 1029 1102 
157 216 678 786 1030 1103 
158 217 679 787 1031 1104 
159 218 680 788 1032 1105 
80 219 681 789 1033 1106 
81 220 682 790 1034 1107 
82 221 683 791 1035 1108 
83 222 684 792 1036 1109 
84 223 685 793 1037 1110 
85 224 686 794 1038 1111 
86 225 687 795 1039 1112 
87 226 688 796 960 1113 
88 227 689 797 961 1114 
89 228 690 798 962 1115 
90 229 691 799 963 1116 
91 230 692 720 964 1117 
92 231 693 721 965 1118 
93 232 694 722 966 1119 
61 207 705 745 1200 1280 
62 208 706 746 1201 1281 
63 209 707 747 1202 1282 
64 210 708 748 1203 1283 
65 211 709 749 1204 1284 
66 212 710 750 1205 1285 
67 213 711 751 1206 1286 
68 214 712 752 1207 1287 
69 215 713 753 1208 1288 
70 216 714 754 1209 1289 
71 217 715 755 1210 1290 
72 218 716 756 1211 1291 
73 219 717 757 1212 1292 
74 220 718 758 1213 1293 
75 221 719 759 1214 1294 
76 222 640 760 1215 1295 
77 223 641 761 1216 1296 
78 224 642 762 1217 1297 
79 225 643 763 1218 1298 
0 226 644 764 1219 1299 
1 227 645 765 1220 1300 
2 228 646 766 1221 1301 
3 229 647 767 1222 1302 
4 230 648 768 1223 1303 
5 231 649 769 1224 1304 
6 232 650 770 1225 1305 
7 233 651 771 1226 1306 
8 234 652 772 1227 1307 
9 235 653 773 1228 1308 
10 236 654 774 1229 1309 
11 237 655 775 1230 1310 
12 238 656 776 1231 1311 
13 239 657 777 1232 1312 
14 160 658 778 1233 1313 
15 161 659 779 1234 1314 
16 162 660 780 1235 1315 
17 163 661 781 1236 1316 
18 164 662 782 1237 1317 
19 165 663 783 1238 1318 
20 166 664 784 1239 1319 
21 167 665 785 1240 1320 
22 168 666 786 1241 1321 
23 169 667 787 1242 1322 
24 170 668 788 1243 1323 
25 171 669 789 1244 1324 
26 172 670 790 1245 1325 
27 173 671 791 1246 1326 
28 174 672 792 1247 1327 
29 175 673 793 1248 1328 
30 176 674 794 1249 1329 
31 177 675 795 1250 1330 
32 178 676 796 1251 1331 
33 179 677 797 1252 1332 
34 180 678 798 1253 1333 
35 181 679 799 1254 1334 
36 182 680 720 1255 1335 
37 183 681 721 1256 1336 
38 184 682 722 1257 1337 
39 185 683 723 1258 1338 
40 186 684 724 1259 1339 
41 187 685 725 1260 1340 
42 188 686 726 1261 1341 
43 189 687 727 1262 1342 
44 190 688 728 1263 1343 
45 191 689 729 1264 1344 
46 192 690 730 1265 1345 
47 193 691 731 1266 1346 
48 194 692 732 1267 1347 
49 195 693 733 1268 1348 
50 196 694 734 1269 1349 
51 197 695 735 1270 1350 
52 198 696 736 1271 1351 
53 199 697 737 1272 1352 
54 200 698 738 1273 1353 
55 201 699 739 1274 1354 
56 202 700 740 1275 1355 
57 203 701 741 1276 1356 
58 204 702 742 1277 1357 
59 205 703 743 1278 1358 
60 206 704 744 1279 1359 
199 484 761 872 1280 1360 
200 485 762 873 1281 1361 
201 486 763 874 1282 1362 
202 487 764 875 1283 1363 
203 488 765 876 1284 1364 
204 489 766 877 1285 1365 
205 490 767 878 1286 1366 
206 491 768 879 1287 1367 
207 492 769 800 1288 1368 
208 493 770 801 1289 1369 
209 494 771 802 1290 1370 
210 495 772 803 1291 1371 
211 496 773 804 1292 1372 
212 497 774 805 1293 1373 
213 498 775 806 1294 1374 
214 499 776 807 1295 1375 
215 500 777 808 1296 1376 
216 501 778 809 1297 1377 
217 502 779 810 1298 1378 
218 503 780 811 1299 1379 
219 504 781 812 1300 1380 
220 505 782 813 1301 1381 
221 506 783 814 1302 1382 
222 507 784 815 1303 1383 
223 508 785 816 1304 1384 
224 509 786 817 1305 1385 
225 510 787 818 1306 1386 
226 511 788 819 1307 1387 
227 512 789 820 1308 1388 
228 513 790 821 1309 1389 
229 514 791 822 1310 1390 
230 515 792 823 1311 1391 
231 516 793 824 1312 1392 
232 517 794 825 1313 1393 
233 518 795 826 1314 1394 
234 519 796 827 1315 1395 
235 520 797 828 1316 1396 
236 521 798 829 1317 1397 
237 522 799 830 1318 1398 
238 523 720 831 1319 1399 
239 524 721 832 1320 1400 
160 525 722 833 1321 1401 
161 526 723 834 1322 1402 
162 527 724 835 1323 1403 
163 528 725 836 1324 1404 
164 529 726 837 1325 1405 
165 530 727 838 1326 1406 
166 531 728 839 1327 1407 
167 532 729 840 1328 1408 
168 533 730 841 1329 1409 
169 534 731 842 1330 1410 
170 535 732 843 1331 1411 
171 536 733 844 1332 1412 
172 537 734 845 1333 1413 
173 538 735 846 1334 1414 
174 539 736 847 1335 1415 
175 540 737 848 1336 1416 
176 541 738 849 1337 1417 
177 542 739 850 1338 1418 
178 543 740 851 1339 1419 
179 544 741 852 1340 1420 
180 545 742 853 1341 1421 
181 546 743 854 1342 1422 
182 547 744 855 1343 1423 
183 548 745 856 1344 1424 
184 549 746 857 1345 1425 
185 550 747 858 1346 1426 
186 551 748 859 1347 1427 
187 552 749 860 1348 1428 
188 553 750 861 1349 1429 
189 554 751 862 1350 1430 
190 555 752 863 1351 1431 
191 556 753 864 1352 1432 
192 557 754 865 1353 1433 
193 558 755 866 1354 1434 
194 559 756 867 1355 1435 
195 480 757 868 1356 1436 
196 481 758 869 1357 1437 
197 482 759 870 1358 1438 
198 483 760 871 1359 1439 
175 293 734 818 1440 1520 
176 294 735 819 1441 1521 
177 295 736 820 1442 1522 
178 296 737 821 1443 1523 
179 297 738 822 1444 1524 
180 298 739 823 1445 1525 
181 299 740 824 1446 1526 
182 300 741 825 1447 1527 
183 301 742 826 1448 1528 
184 302 743 827 1449 1529 
185 303 744 828 1450 1530 
186 304 745 829 1451 1531 
187 305 746 830 1452 1532 
188 306 747 831 1453 1533 
189 307 748 832 1454 1534 
190 308 749 833 1455 1535 
191 309 750 834 1456 1536 
192 310 751 835 1457 1537 
193 311 752 836 1458 1538 
194 312 753 837 1459 1539 
195 313 754 838 1460 1540 
196 314 755 839 1461 1541 
197 315 756 840 1462 1542 
198 316 757 841 1463 1543 
199 317 758 842 1464 1544 
200 318 759 843 1465 1545 
201 319 760 844 1466 1546 
202 240 761 845 1467 1547 
203 241 762 846 1468 1548 
204 242 763 847 1469 1549 
205 243 764 848 1470 1550 
206 244 765 849 1471 1551 
207 245 766 850 1472 1552 
208 246 767 851 1473 1553 
209 247 768 852 1474 1554 
210 248 769 853 1475 1555 
211 249 770 854 1476 1556 
212 250 771 855 1477 1557 
213 251 772 856 1478 1558 
214 252 773 857 1479 1559 
215 253 774 858 1480 1560 
216 254 775 859 1481 1561 
217 255 776 860 1482 1562 
218 256 777 861 1483 1563 
219 257 778 862 1484 1564 
220 258 779 863 1485 1565 
221 259 780 864 1486 1566 
222 260 781 865 1487 1567 
223 261 782 866 1488 1568 
224 262 783 867 1489 1569 
225 263 784 868 1490 1570 
226 264 785 869 1491 1571 
227 265 786 870 1492 1572 
228 266 787 871 1493 1573 
229 267 788 872 1494 1574 
230 268 789 873 1495 1575 
231 269 790 874 1496 1576 
232 270 791 875 1497 1577 
233 271 792 876 1498 1578 
234 272 793 877 1499 1579 
235 273 794 878 1500 1580 
236 274 795 879 1501 1581 
237 275 796 800 1502 1582 
238 276 797 801 1503 1583 
239 277 798 802 1504 1584 
160 278 799 803 1505 1585 
161 279 720 804 1506 1586 
162 280 721 805 1507 1587 
163 281 722 806 1508 1588 
164 282 723 807 1509 1589 
165 283 724 808 1510 1590 
166 284 725 809 1511 1591 
167 285 726 810 1512 1592 
168 286 727 811 1513 1593 
169 287 728 812 1514 1594 
170 288 729 813 1515 1595 
171 289 730 814 1516 1596 
172 290 731 815 1517 1597 
173 291 732 816 1518 1598 
174 292 733 817 1519 1599 
91 233 482 767 1520 1600 
92 234 483 768 1521 1601 
93 235 484 769 1522 1602 
94 236 485 770 1523 1603 
95 237 486 771 1524 1604 
96 238 487 772 1525 1605 
97 239 488 773 1526 1606 
98 160 489 774 1527 1607 
99 161 490 775 1528 1608 
100 162 491 776 1529 1609 
101 163 492 777 1530 1610 
102 164 493 778 1531 1611 
103 165 494 779 1532 1612 
104 166 495 780 1533 1613 
105 167 496 781 1534 1614 
106 168 497 782 1535 1615 
107 169 498 783 1536 1616 
108 170 499 784 1537 1617 
109 171 500 785 1538 1618 
110 172 501 786 1539 1619 
111 173 502 787 1540 1620 
112 174 503 788 1541 1621 
113 175 504 789 1542 1622 
114 176 505 790 1543 1623 
115 177 506 791 1544 1624 
116 178 507 792 1545 1625 
117 179 508 793 1546 1626 
118 180 509 794 1547 1627 
119 181 510 795 1548 1628 
120 182 511 796 1549 1629 
121 183 512 797 1550 1630 
122 184 513 798 1551 1631 
123 185 514 799 1552 1632 
124 186 515 720 1553 1633 
125 187 516 721 1554 1634 
126 188 517 722 1555 1635 
127 189 518 723 1556 1636 
128 190 519 724 1557 1637 
129 191 520 725 1558 1638 
130 192 521 726 1559 1639 
131 193 522 727 1560 1640 
132 194 523 728 1561 1641 
133 195 524 729 1562 1642 
134 196 525 730 1563 1643 
135 197 526 731 1564 1644 
136 198 527 732 1565 1645 
137 199 528 733 1566 1646 
138 200 529 734 1567 1647 
139 201 530 735 1568 1648 
140 202 531 736 1569 1649 
141 203 532 737 1570 1650 
142 204 533 738 1571 1651 
143 205 534 739 1572 1652 
144 206 535 740 1573 1653 
145 207 536 741 1574 1654 
146 208 537 742 1575 1655 
147 209 538 743 1576 1656 
148 210 539 744 1577 1657 
149 211 540 745 1578 1658 
150 212 541 746 1579 1659 
151 213 542 747 1580 1660 
152 214 543 748 1581 1661 
153 215 544 749 1582 1662 
154 216 545 750 1583 1663 
155 217 546 751 1584 1664 
156 218 547 752 1585 1665 
157 219 548 753 1586 1666 
158 220 549 754 1587 1667 
159 221 550 755 1588 1668 
80 222 551 756 1589 1669 
81 223 552 757 1590 1670 
82 224 553 758 1591 1671 
83 225 554 759 1592 1672 
84 226 555 760 1593 1673 
85 227 556 761 1594 1674 
86 228 557 762 1595 1675 
87 229 558 763 1596 1676 
88 230 559 764 1597 1677 
89 231 480 765 1598 1678 
90 232 481 766 1599 1679 
414 619 870 952 1680 1760 
415 620 871 953 1681 1761 
416 621 872 954 1682 1762 
417 622 873 955 1683 1763 
418 623 874 956 1684 1764 
419 624 875 957 1685 1765 
420 625 876 958 1686 1766 
421 626 877 959 1687 1767 
422 627 878 880 1688 1768 
423 628 879 881 1689 1769 
424 629 800 882 1690 1770 
425 630 801 883 1691 1771 
426 631 802 884 1692 1772 
427 632 803 885 1693 1773 
428 633 804 886 1694 1774 
429 634 805 887 1695 1775 
430 635 806 888 1696 1776 
431 636 807 889 1697 1777 
432 637 808 890 1698 1778 
433 638 809 891 1699 1779 
434 639 810 892 1700 1780 
435 560 811 893 1701 1781 
436 561 812 894 1702 1782 
437 562 813 895 1703 1783 
438 563 814 896 1704 1784 
439 564 815 897 1705 1785 
440 565 816 898 1706 1786 
441 566 817 899 1707 1787 
442 567 818 900 1708 1788 
443 568 819 901 1709 1789 
444 569 820 902 1710 1790 
445 570 821 903 1711 1791 
446 571 822 904 1712 1792 
447 572 823 905 1713 1793 
448 573 824 906 1714 1794 
449 574 825 907 1715 1795 
450 575 826 908 1716 1796 
451 576 827 909 1717 1797 
452 577 828 910 1718 1798 
453 578 829 911 1719 1799 
454 579 830 912 1720 1800 
455 580 831 913 1721 1801 
456 581 832 914 1722 1802 
457 582 833 915 1723 1803 
458 583 834 916 1724 1804 
459 584 835 917 1725 1805 
460 585 836 918 1726 1806 
461 586 837 919 1727 1807 
462 587 838 920 1728 1808 
463 588 839 921 1729 1809 
464 589 840 922 1730 1810 
465 590 841 923 1731 1811 
466 591 842 924 1732 1812 
467 592 843 925 1733 1813 
468 593 844 926 1734 1814 
469 594 845 927 1735 1815 
470 595 846 928 1736 1816 
471 596 847 929 1737 1817 
472 597 848 930 1738 1818 
473 598 849 931 1739 1819 
474 599 850 932 1740 1820 
475 600 851 933 1741 1821 
476 601 852 934 1742 1822 
477 602 853 935 1743 1823 
478 603 854 936 1744 1824 
479 604 855 937 1745 1825 
400 605 856 938 1746 1826 
401 606 857 939 1747 1827 
402 607 858 940 1748 1828 
403 608 859 941 1749 1829 
404 609 860 942 1750 1830 
405 610 861 943 1751 1831 
406 611 862 944 1752 1832 
407 612 863 945 1753 1833 
408 613 864 946 1754 1834 
409 614 865 947 1755 1835 
410 615 866 948 1756 1836 
411 616 867 949 1757 1837 
412 617 868 950 1758 1838 
413 618 869 951 1759 1839 
167 305 679 769 1760 1840 
168 306 680 770 1761 1841 
169 307 681 771 1762 1842 
170 308 682 772 1763 1843 
171 309 683 773 1764 1844 
172 310 684 774 1765 1845 
173 311 685 775 1766 1846 
174 312 686 776 1767 1847 
175 313 687 777 1768 1848 
176 314 688 778 1769 1849 
177 315 689 779 1770 1850 
178 316 690 780 1771 1851 
179 317 691 781 1772 1852 
180 318 692 782 1773 1853 
181 319 693 783 1774 1854 
182 240 694 784 1775 1855 
183 241 695 785 1776 1856 
184 242 696 786 1777 1857 
185 243 697 787 1778 1858 
186 244 698 788 1779 1859 
187 245 699 789 1780 1860 
188 246 700 790 1781 1861 
189 247 701 791 1782 1862 
190 248 702 792 1783 1863 
191 249 703 793 1784 1864 
192 250 704 794 1785 1865 
193 251 705 795 1786 1866 
194 252 706 796 1787 1867 
195 253 707 797 1788 1868 
196 254 708 798 1789 1869 
197 255 709 799 1790 1870 
198 256 710 720 1791 1871 
199 257 711 721 1792 1872 
200 258 712 722 1793 1873 
201 259 713 723 1794 1874 
202 260 714 724 1795 1875 
203 261 715 725 1796 1876 
204 262 716 726 1797 1877 
205 263 717 727 1798 1878 
206 264 718 728 1799 1879 
207 265 719 729 1800 1880 
208 266 640 730 1801 1881 
209 267 641 731 1802 1882 
210 268 642 732 1803 1883 
211 269 643 733 1804 1884 
212 270 644 734 1805 1885 
213 271 645 735 1806 1886 
214 272 646 736 1807 1887 
215 273 647 737 1808 1888 
216 274 648 738 1809 1889 
217 275 649 739 1810 1890 
218 276 650 740 1811 1891 
219 277 651 741 1812 1892 
220 278 652 742 1813 1893 
221 279 653 743 1814 1894 
222 280 654 744 1815 1895 
223 281 655 745 1816 1896 
224 282 656 746 1817 1897 
225 283 657 747 1818 1898 
226 284 658 748 1819 1899 
227 285 659 749 1820 1900 
228 286 660 750 1821 1901 
229 287 661 751 1822 1902 
230 288 662 752 1823 1903 
231 289 663 753 1824 1904 
232 290 664 754 1825 1905 
233 291 665 755 1826 1906 
234 292 666 756 1827 1907 
235 293 667 757 1828 1908 
236 294 668 758 1829 1909 
237 295 669 759 1830 1910 
238 296 670 760 1831 1911 
239 297 671 761 1832 1912 
160 298 672 762 1833 1913 
161 299 673 763 1834 1914 
162 300 674 764 1835 1915 
163 301 675 765 1836 1916 
164 302 676 766 1837 1917 
165 303 677 767 1838 1918 
166 304 678 768 1839 1919 
43 466 601 906 967 1840 
44 467 602 907 968 1841 
45 468 603 908 969 1842 
46 469 604 909 970 1843 
47 470 605 910 971 1844 
48 471 606 911 972 1845 
49 472 607 912 973 1846 
50 473 608 913 974 1847 
51 474 609 914 975 1848 
52 475 610 915 976 1849 
53 476 611 916 977 1850 
54 477 612 917 978 1851 
55 478 613 918 979 1852 
56 479 614 919 980 1853 
57 400 615 920 981 1854 
58 401 616 921 982 1855 
59 402 617 922 983 1856 
60 403 618 923 984 1857 
61 404 619 924 985 1858 
62 405 620 925 986 1859 
63 406 621 926 987 1860 
64 407 622 927 988 1861 
65 408 623 928 989 1862 
66 409 624 929 990 1863 
67 410 625 930 991 1864 
68 411 626 931 992 1865 
69 412 627 932 993 1866 
70 413 628 933 994 1867 
71 414 629 934 995 1868 
72 415 630 935 996 1869 
73 416 631 936 997 1870 
74 417 632 937 998 1871 
75 418 633 938 999 1872 
76 419 634 939 1000 1873 
77 420 635 940 1001 1874 
78 421 636 941 1002 1875 
79 422 637 942 1003 1876 
0 423 638 943 1004 1877 
1 424 639 944 1005 1878 
2 425 560 945 1006 1879 
3 426 561 946 1007 1880 
4 427 562 947 1008 1881 
5 428 563 948 1009 1882 
6 429 564 949 1010 1883 
7 430 565 950 1011 1884 
8 431 566 951 1012 1885 
9 432 567 952 1013 1886 
10 433 568 953 1014 1887 
11 434 569 954 1015 1888 
12 435 570 955 1016 1889 
13 436 571 956 1017 1890 
14 437 572 957 1018 1891 
15 438 573 958 1019 1892 
16 439 574 959 1020 1893 
17 440 575 880 1021 1894 
18 441 576 881 1022 1895 
19 442 577 882 1023 1896 
20 443 578 883 1024 1897 
21 444 579 884 1025 1898 
22 445 580 885 1026 1899 
23 446 581 886 1027 1900 
24 447 582 887 1028 1901 
25 448 583 888 1029 1902 
26 449 584 889 1030 1903 
27 450 585 890 1031 1904 
28 451 586 891 1032 1905 
29 452 587 892 1033 1906 
30 453 588 893 1034 1907 
31 454 589 894 1035 1908 
32 455 590 895 1036 1909 
33 456 591 896 1037 1910 
34 457 592 897 1038 1911 
35 458 593 898 1039 1912 
36 459 594 899 960 1913 
37 460 595 900 961 1914 
38 461 596 901 962 1915 
39 462 597 902 963 1916 
40 463 598 903 964 1917 
41 464 599 904 965 1918 
42 465 600 905 966 1919 
107 422 559 569 892 1040 1120 
108 423 480 570 893 1041 1121 
109 424 481 571 894 1042 1122 
110 425 482 572 895 1043 1123 
111 426 483 573 896 1044 1124 
112 427 484 574 897 1045 1125 
113 428 485 575 898 1046 1126 
114 429 486 576 899 1047 1127 
115 430 487 577 900 1048 1128 
116 431 488 578 901 1049 1129 
117 432 489 579 902 1050 1130 
118 433 490 580 903 1051 1131 
119 434 491 581 904 1052 1132 
120 435 492 582 905 1053 1133 
121 436 493 583 906 1054 1134 
122 437 494 584 907 1055 1135 
123 438 495 585 908 1056 1136 
124 439 496 586 909 1057 1137 
125 440 497 587 910 1058 1138 
126 441 498 588 911 1059 1139 
127 442 499 589 912 1060 1140 
128 443 500 590 913 1061 1141 
129 444 501 591 914 1062 1142 
130 445 502 592 915 1063 1143 
131 446 503 593 916 1064 1144 
132 447 504 594 917 1065 1145 
133 448 505 595 918 1066 1146 
134 449 506 596 919 1067 1147 
135 450 507 597 920 1068 1148 
136 451 508 598 921 1069 1149 
137 452 509 599 922 1070 1150 
138 453 510 600 923 1071 1151 
139 454 511 601 924 1072 1152 
140 455 512 602 925 1073 1153 
141 456 513 603 926 1074 1154 
142 457 514 604 927 1075 1155 
143 458 515 605 928 1076 1156 
144 459 516 606 929 1077 1157 
145 460 517 607 930 1078 1158 
146 461 518 608 931 1079 1159 
147 462 519 609 932 1080 1160 
148 463 520 610 933 1081 1161 
149 464 521 611 934 1082 1162 
150 465 522 612 935 1083 1163 
151 466 523 613 936 1084 1164 
152 467 524 614 937 1085 1165 
153 468 525 615 938 1086 1166 
154 469 526 616 939 1087 1167 
155 470 527 617 940 1088 1168 
156 471 528 618 941 1089 1169 
157 472 529 619 942 1090 1170 
158 473 530 620 943 1091 1171 
159 474 531 621 944 1092 1172 
80 475 532 622 945 1093 1173 
81 476 533 623 946 1094 1174 
82 477 534 624 947 1095 1175 
83 478 535 625 948 1096 1176 
84 479 536 626 949 1097 1177 
85 400 537 627 950 1098 1178 
86 401 538 628 951 1099 1179 
87 402 539 629 952 1100 1180 
88 403 540 630 953 1101 1181 
89 404 541 631 954 1102 1182 
90 405 542 632 955 1103 1183 
91 406 543 633 956 1104 1184 
92 407 544 634 957 1105 1185 
93 408 545 635 958 1106 1186 
94 409 546 636 959 1107 1187 
95 410 547 637 880 1108 1188 
96 411 548 638 881 1109 1189 
97 412 549 639 882 1110 1190 
98 413 550 560 883 1111 1191 
99 414 551 561 884 1112 1192 
100 415 552 562 885 1113 1193 
101 416 553 563 886 1114 1194 
102 417 554 564 887 1115 1195 
103 418 555 565 888 1116 1196 
104 419 556 566 889 1117 1197 
105 420 557 567 890 1118 1198 
106 421 558 568 891 1119 1199 
264 342 401 593 880 1120 1200 
265 343 402 594 881 1121 1201 
266 344 403 595 882 1122 1202 
267 345 404 596 883 1123 1203 
268 346 405 597 884 1124 1204 
269 347 406 598 885 1125 1205 
270 348 407 599 886 1126 1206 
271 349 408 600 887 1127 1207 
272 350 409 601 888 1128 1208 
273 351 410 602 889 1129 1209 
274 352 411 603 890 1130 1210 
275 353 412 604 891 1131 1211 
276 354 413 605 892 1132 1212 
277 355 414 606 893 1133 1213 
278 356 415 607 894 1134 1214 
279 357 416 608 895 1135 1215 
280 358 417 609 896 1136 1216 
281 359 418 610 897 1137 1217 
282 360 419 611 898 1138 1218 
283 361 420 612 899 1139 1219 
284 362 421 613 900 1140 1220 
285 363 422 614 901 1141 1221 
286 364 423 615 902 1142 1222 
287 365 424 616 903 1143 1223 
288 366 425 617 904 1144 1224 
289 367 426 618 905 1145 1225 
290 368 427 619 906 1146 1226 
291 369 428 620 907 1147 1227 
292 370 429 621 908 1148 1228 
293 371 430 622 909 1149 1229 
294 372 431 623 910 1150 1230 
295 373 432 624 911 1151 1231 
296 374 433 625 912 1152 1232 
297 375 434 626 913 1153 1233 
298 376 435 627 914 1154 1234 
299 377 436 628 915 1155 1235 
300 378 437 629 916 1156 1236 
301 379 438 630 917 1157 1237 
302 380 439 631 918 1158 1238 
303 381 440 632 919 1159 1239 
304 382 441 633 920 1160 1240 
305 383 442 634 921 1161 1241 
306 384 443 635 922 1162 1242 
307 385 444 636 923 1163 1243 
308 386 445 637 924 1164 1244 
309 387 446 638 925 1165 1245 
310 388 447 639 926 1166 1246 
311 389 448 560 927 1167 1247 
312 390 449 561 928 1168 1248 
313 391 450 562 929 1169 1249 
314 392 451 563 930 1170 1250 
315 393 452 564 931 1171 1251 
316 394 453 565 932 1172 1252 
317 395 454 566 933 1173 1253 
318 396 455 567 934 1174 1254 
319 397 456 568 935 1175 1255 
240 398 457 569 936 1176 1256 
241 399 458 570 937 1177 1257 
242 320 459 571 938 1178 1258 
243 321 460 572 939 1179 1259 
244 322 461 573 940 1180 1260 
245 323 462 574 941 1181 1261 
246 324 463 575 942 1182 1262 
247 325 464 576 943 1183 1263 
248 326 465 577 944 1184 1264 
249 327 466 578 945 1185 1265 
250 328 467 579 946 1186 1266 
251 329 468 580 947 1187 1267 
252 330 469 581 948 1188 1268 
253 331 470 582 949 1189 1269 
254 332 471 583 950 1190 1270 
255 333 472 584 951 1191 1271 
256 334 473 585 952 1192 1272 
257 335 474 586 953 1193 1273 
258 336 475 587 954 1194 1274 
259 337 476 588 955 1195 1275 
260 338 477 589 956 1196 1276 
261 339 478 590 957 1197 1277 
262 340 479 591 958 1198 1278 
263 341 400 592 959 1199 1279 
366 440 562 959 960 1360 1440 
367 441 563 880 961 1361 1441 
368 442 564 881 962 1362 1442 
369 443 565 882 963 1363 1443 
370 444 566 883 964 1364 1444 
371 445 567 884 965 1365 1445 
372 446 568 885 966 1366 1446 
373 447 569 886 967 1367 1447 
374 448 570 887 968 1368 1448 
375 449 571 888 969 1369 1449 
376 450 572 889 970 1370 1450 
377 451 573 890 971 1371 1451 
378 452 574 891 972 1372 1452 
379 453 575 892 973 1373 1453 
380 454 576 893 974 1374 1454 
381 455 577 894 975 1375 1455 
382 456 578 895 976 1376 1456 
383 457 579 896 977 1377 1457 
384 458 580 897 978 1378 1458 
385 459 581 898 979 1379 1459 
386 460 582 899 980 1380 1460 
387 461 583 900 981 1381 1461 
388 462 584 901 982 1382 1462 
389 463 585 902 983 1383 1463 
390 464 586 903 984 1384 1464 
391 465 587 904 985 1385 1465 
392 466 588 905 986 1386 1466 
393 467 589 906 987 1387 1467 
394 468 590 907 988 1388 1468 
395 469 591 908 989 1389 1469 
396 470 592 909 990 1390 1470 
397 471 593 910 991 1391 1471 
398 472 594 911 992 1392 1472 
399 473 595 912 993 1393 1473 
320 474 596 913 994 1394 1474 
321 475 597 914 995 1395 1475 
322 476 598 915 996 1396 1476 
323 477 599 916 997 1397 1477 
324 478 600 917 998 1398 1478 
325 479 601 918 999 1399 1479 
326 400 602 919 1000 1400 1480 
327 401 603 920 1001 1401 1481 
328 402 604 921 1002 1402 1482 
329 403 605 922 1003 1403 1483 
330 404 606 923 1004 1404 1484 
331 405 607 924 1005 1405 1485 
332 406 608 925 1006 1406 1486 
333 407 609 926 1007 1407 1487 
334 408 610 927 1008 1408 1488 
335 409 611 928 1009 1409 1489 
336 410 612 929 1010 1410 1490 
337 411 613 930 1011 1411 1491 
338 412 614 931 1012 1412 1492 
339 413 615 932 1013 1413 1493 
340 414 616 933 1014 1414 1494 
341 415 617 934 1015 1415 1495 
342 416 618 935 1016 1416 1496 
343 417 619 936 1017 1417 1497 
344 418 620 937 1018 1418 1498 
345 419 621 938 1019 1419 1499 
346 420 622 939 1020 1420 1500 
347 421 623 940 1021 1421 1501 
348 422 624 941 1022 1422 1502 
349 423 625 942 1023 1423 1503 
350 424 626 943 1024 1424 1504 
351 425 627 944 1025 1425 1505 
352 426 628 945 1026 1426 1506 
353 427 629 946 1027 1427 1507 
354 428 630 947 1028 1428 1508 
355 429 631 948 1029 1429 1509 
356 430 632 949 1030 1430 1510 
357 431 633 950 1031 1431 1511 
358 432 634 951 1032 1432 1512 
359 433 635 952 1033 1433 1513 
360 434 636 953 1034 1434 1514 
361 435 637 954 1035 1435 1515 
362 436 638 955 1036 1436 1516 
363 437 639 956 1037 1437 1517 
364 438 560 957 1038 1438 1518 
365 439 561 958 1039 1439 1519 
12 323 424 603 931 1600 1680 
13 324 425 604 932 1601 1681 
14 325 426 605 933 1602 1682 
15 326 427 606 934 1603 1683 
16 327 428 607 935 1604 1684 
17 328 429 608 936 1605 1685 
18 329 430 609 937 1606 1686 
19 330 431 610 938 1607 1687 
20 331 432 611 939 1608 1688 
21 332 433 612 940 1609 1689 
22 333 434 613 941 1610 1690 
23 334 435 614 942 1611 1691 
24 335 436 615 943 1612 1692 
25 336 437 616 944 1613 1693 
26 337 438 617 945 1614 1694 
27 338 439 618 946 1615 1695 
28 339 440 619 947 1616 1696 
29 340 441 620 948 1617 1697 
30 341 442 621 949 1618 1698 
31 342 443 622 950 1619 1699 
32 343 444 623 951 1620 1700 
33 344 445 624 952 1621 1701 
34 345 446 625 953 1622 1702 
35 346 447 626 954 1623 1703 
36 347 448 627 955 1624 1704 
37 348 449 628 956 1625 1705 
38 349 450 629 957 1626 1706 
39 350 451 630 958 1627 1707 
40 351 452 631 959 1628 1708 
41 352 453 632 880 1629 1709 
42 353 454 633 881 1630 1710 
43 354 455 634 882 1631 1711 
44 355 456 635 883 1632 1712 
45 356 457 636 884 1633 1713 
46 357 458 637 885 1634 1714 
47 358 459 638 886 1635 1715 
48 359 460 639 887 1636 1716 
49 360 461 560 888 1637 1717 
50 361 462 561 889 1638 1718 
51 362 463 562 890 1639 1719 
52 363 464 563 891 1640 1720 
53 364 465 564 892 1641 1721 
54 365 466 565 893 1642 1722 
55 366 467 566 894 1643 1723 
56 367 468 567 895 1644 1724 
57 368 469 568 896 1645 1725 
58 369 470 569 897 1646 1726 
59 370 471 570 898 1647 1727 
60 371 472 571 899 1648 1728 
61 372 473 572 900 1649 1729 
62 373 474 573 901 1650 1730 
63 374 475 574 902 1651 1731 
64 375 476 575 903 1652 1732 
65 376 477 576 904 1653 1733 
66 377 478 577 905 1654 1734 
67 378 479 578 906 1655 1735 
68 379 400 579 907 1656 1736 
69 380 401 580 908 1657 1737 
70 381 402 581 909 1658 1738 
71 382 403 582 910 1659 1739 
72 383 404 583 911 1660 1740 
73 384 405 584 912 1661 1741 
74 385 406 585 913 1662 1742 
75 386 407 586 914 1663 1743 
76 387 408 587 915 1664 1744 
77 388 409 588 916 1665 1745 
78 389 410 589 917 1666 1746 
79 390 411 590 918 1667 1747 
0 391 412 591 919 1668 1748 
1 392 413 592 920 1669 1749 
2 393 414 593 921 1670 1750 
3 394 415 594 922 1671 1751 
4 395 416 595 923 1672 1752 
5 396 417 596 924 1673 1753 
6 397 418 597 925 1674 1754 
7 398 419 598 926 1675 1755 
8 399 420 599 927 1676 1756 
9 320 421 600 928 1677 1757 
10 321 422 601 929 1678 1758 
11 322 423 602 930 1679 1759 

