1 109 223 383 424 595 672 764 842 976 1090 1125 1181 1260 1380 1448 1516 1673 1760 1764 
2 110 224 384 425 596 673 765 843 977 1091 1126 1182 1261 1381 1449 1517 1674 1761 1765 
3 111 225 385 426 597 674 766 844 978 1008 1127 1183 1262 1382 1450 1518 1675 1762 1766 
4 112 226 386 427 598 675 767 845 979 1009 1128 1184 1263 1383 1451 1519 1676 1763 1767 
5 113 227 387 428 599 676 768 846 980 1010 1129 1185 1264 1384 1452 1520 1677 1680 1768 
6 114 228 388 429 600 677 769 847 981 1011 1130 1186 1265 1385 1453 1521 1678 1681 1769 
7 115 229 389 430 601 678 770 848 982 1012 1131 1187 1266 1386 1454 1522 1679 1682 1770 
8 116 230 390 431 602 679 771 849 983 1013 1132 1188 1267 1387 1455 1523 1596 1683 1771 
9 117 231 391 432 603 680 772 850 984 1014 1133 1189 1268 1388 1456 1524 1597 1684 1772 
10 118 232 392 433 604 681 773 851 985 1015 1134 1190 1269 1389 1457 1525 1598 1685 1773 
11 119 233 393 434 605 682 774 852 986 1016 1135 1191 1270 1390 1458 1526 1599 1686 1774 
12 120 234 394 435 606 683 775 853 987 1017 1136 1192 1271 1391 1459 1527 1600 1687 1775 
13 121 235 395 436 607 684 776 854 988 1018 1137 1193 1272 1392 1460 1528 1601 1688 1776 
14 122 236 396 437 608 685 777 855 989 1019 1138 1194 1273 1393 1461 1529 1602 1689 1777 
15 123 237 397 438 609 686 778 856 990 1020 1139 1195 1274 1394 1462 1530 1603 1690 1778 
16 124 238 398 439 610 687 779 857 991 1021 1140 1196 1275 1395 1463 1531 1604 1691 1779 
17 125 239 399 440 611 688 780 858 992 1022 1141 1197 1276 1396 1464 1532 1605 1692 1780 
18 126 240 400 441 612 689 781 859 993 1023 1142 1198 1277 1397 1465 1533 1606 1693 1781 
19 127 241 401 442 613 690 782 860 994 1024 1143 1199 1278 1398 1466 1534 1607 1694 1782 
20 128 242 402 443 614 691 783 861 995 1025 1144 1200 1279 1399 1467 1535 1608 1695 1783 
21 129 243 403 444 615 692 784 862 996 1026 1145 1201 1280 1400 1468 1536 1609 1696 1784 
22 130 244 404 445 616 693 785 863 997 1027 1146 1202 1281 1401 1469 1537 1610 1697 1785 
23 131 245 405 446 617 694 786 864 998 1028 1147 1203 1282 1402 1470 1538 1611 1698 1786 
24 132 246 406 447 618 695 787 865 999 1029 1148 1204 1283 1403 1471 1539 1612 1699 1787 
25 133 247 407 448 619 696 788 866 1000 1030 1149 1205 1284 1404 1472 1540 1613 1700 1788 
26 134 248 408 449 620 697 789 867 1001 1031 1150 1206 1285 1405 1473 1541 1614 1701 1789 
27 135 249 409 450 621 698 790 868 1002 1032 1151 1207 1286 1406 1474 1542 1615 1702 1790 
28 136 250 410 451 622 699 791 869 1003 1033 1152 1208 1287 1407 1475 1543 1616 1703 1791 
29 137 251 411 452 623 700 792 870 1004 1034 1153 1209 1288 1408 1476 1544 1617 1704 1792 
30 138 168 412 453 624 701 793 871 1005 1035 1154 1210 1289 1409 1477 1545 1618 1705 1793 
31 139 169 413 454 625 702 794 872 1006 1036 1155 1211 1290 1410 1478 1546 1619 1706 1794 
32 140 170 414 455 626 703 795 873 1007 1037 1156 1212 1291 1411 1479 1547 1620 1707 1795 
33 141 171 415 456 627 704 796 874 924 1038 1157 1213 1292 1412 1480 1548 1621 1708 1796 
34 142 172 416 457 628 705 797 875 925 1039 1158 1214 1293 1413 1481 1549 1622 1709 1797 
35 143 173 417 458 629 706 798 876 926 1040 1159 1215 1294 1414 1482 1550 1623 1710 1798 
36 144 174 418 459 630 707 799 877 927 1041 1160 1216 1295 1415 1483 1551 1624 1711 1799 
37 145 175 419 460 631 708 800 878 928 1042 1161 1217 1296 1416 1484 1552 1625 1712 1800 
38 146 176 336 461 632 709 801 879 929 1043 1162 1218 1297 1417 1485 1553 1626 1713 1801 
39 147 177 337 462 633 710 802 880 930 1044 1163 1219 1298 1418 1486 1554 1627 1714 1802 
40 148 178 338 463 634 711 803 881 931 1045 1164 1220 1299 1419 1487 1555 1628 1715 1803 
41 149 179 339 464 635 712 804 882 932 1046 1165 1221 1300 1420 1488 1556 1629 1716 1804 
42 150 180 340 465 636 713 805 883 933 1047 1166 1222 1301 1421 1489 1557 1630 1717 1805 
43 151 181 341 466 637 714 806 884 934 1048 1167 1223 1302 1422 1490 1558 1631 1718 1806 
44 152 182 342 467 638 715 807 885 935 1049 1168 1224 1303 1423 1491 1559 1632 1719 1807 
45 153 183 343 468 639 716 808 886 936 1050 1169 1225 1304 1424 1492 1560 1633 1720 1808 
46 154 184 344 469 640 717 809 887 937 1051 1170 1226 1305 1425 1493 1561 1634 1721 1809 
47 155 185 345 470 641 718 810 888 938 1052 1171 1227 1306 1426 1494 1562 1635 1722 1810 
48 156 186 346 471 642 719 811 889 939 1053 1172 1228 1307 1427 1495 1563 1636 1723 1811 
49 157 187 347 472 643 720 812 890 940 1054 1173 1229 1308 1344 1496 1564 1637 1724 1812 
50 158 188 348 473 644 721 813 891 941 1055 1174 1230 1309 1345 1497 1565 1638 1725 1813 
51 159 189 349 474 645 722 814 892 942 1056 1175 1231 1310 1346 1498 1566 1639 1726 1814 
52 160 190 350 475 646 723 815 893 943 1057 1092 1232 1311 1347 1499 1567 1640 1727 1815 
53 161 191 351 476 647 724 816 894 944 1058 1093 1233 1312 1348 1500 1568 1641 1728 1816 
54 162 192 352 477 648 725 817 895 945 1059 1094 1234 1313 1349 1501 1569 1642 1729 1817 
55 163 193 353 478 649 726 818 896 946 1060 1095 1235 1314 1350 1502 1570 1643 1730 1818 
56 164 194 354 479 650 727 819 897 947 1061 1096 1236 1315 1351 1503 1571 1644 1731 1819 
57 165 195 355 480 651 728 820 898 948 1062 1097 1237 1316 1352 1504 1572 1645 1732 1820 
58 166 196 356 481 652 729 821 899 949 1063 1098 1238 1317 1353 1505 1573 1646 1733 1821 
59 167 197 357 482 653 730 822 900 950 1064 1099 1239 1318 1354 1506 1574 1647 1734 1822 
60 84 198 358 483 654 731 823 901 951 1065 1100 1240 1319 1355 1507 1575 1648 1735 1823 
61 85 199 359 484 655 732 824 902 952 1066 1101 1241 1320 1356 1508 1576 1649 1736 1824 
62 86 200 360 485 656 733 825 903 953 1067 1102 1242 1321 1357 1509 1577 1650 1737 1825 
63 87 201 361 486 657 734 826 904 954 1068 1103 1243 1322 1358 1510 1578 1651 1738 1826 
64 88 202 362 487 658 735 827 905 955 1069 1104 1244 1323 1359 1511 1579 1652 1739 1827 
65 89 203 363 488 659 736 828 906 956 1070 1105 1245 1324 1360 1428 1580 1653 1740 1828 
66 90 204 364 489 660 737 829 907 957 1071 1106 1246 1325 1361 1429 1581 1654 1741 1829 
67 91 205 365 490 661 738 830 908 958 1072 1107 1247 1326 1362 1430 1582 1655 1742 1830 
68 92 206 366 491 662 739 831 909 959 1073 1108 1248 1327 1363 1431 1583 1656 1743 1831 
69 93 207 367 492 663 740 832 910 960 1074 1109 1249 1328 1364 1432 1584 1657 1744 1832 
70 94 208 368 493 664 741 833 911 961 1075 1110 1250 1329 1365 1433 1585 1658 1745 1833 
71 95 209 369 494 665 742 834 912 962 1076 1111 1251 1330 1366 1434 1586 1659 1746 1834 
72 96 210 370 495 666 743 835 913 963 1077 1112 1252 1331 1367 1435 1587 1660 1747 1835 
73 97 211 371 496 667 744 836 914 964 1078 1113 1253 1332 1368 1436 1588 1661 1748 1836 
74 98 212 372 497 668 745 837 915 965 1079 1114 1254 1333 1369 1437 1589 1662 1749 1837 
75 99 213 373 498 669 746 838 916 966 1080 1115 1255 1334 1370 1438 1590 1663 1750 1838 
76 100 214 374 499 670 747 839 917 967 1081 1116 1256 1335 1371 1439 1591 1664 1751 1839 
77 101 215 375 500 671 748 756 918 968 1082 1117 1257 1336 1372 1440 1592 1665 1752 1840 
78 102 216 376 501 588 749 757 919 969 1083 1118 1258 1337 1373 1441 1593 1666 1753 1841 
79 103 217 377 502 589 750 758 920 970 1084 1119 1259 1338 1374 1442 1594 1667 1754 1842 
80 104 218 378 503 590 751 759 921 971 1085 1120 1176 1339 1375 1443 1595 1668 1755 1843 
81 105 219 379 420 591 752 760 922 972 1086 1121 1177 1340 1376 1444 1512 1669 1756 1844 
82 106 220 380 421 592 753 761 923 973 1087 1122 1178 1341 1377 1445 1513 1670 1757 1845 
83 107 221 381 422 593 754 762 840 974 1088 1123 1179 1342 1378 1446 1514 1671 1758 1846 
0 108 222 382 423 594 755 763 841 975 1089 1124 1180 1343 1379 1447 1515 1672 1759 1847 
90 288 376 467 516 667 719 881 945 1020 1163 1190 1332 1344 1472 1561 1596 1680 1764 1848 
91 289 377 468 517 668 720 882 946 1021 1164 1191 1333 1345 1473 1562 1597 1681 1765 1849 
92 290 378 469 518 669 721 883 947 1022 1165 1192 1334 1346 1474 1563 1598 1682 1766 1850 
93 291 379 470 519 670 722 884 948 1023 1166 1193 1335 1347 1475 1564 1599 1683 1767 1851 
94 292 380 471 520 671 723 885 949 1024 1167 1194 1336 1348 1476 1565 1600 1684 1768 1852 
95 293 381 472 521 588 724 886 950 1025 1168 1195 1337 1349 1477 1566 1601 1685 1769 1853 
96 294 382 473 522 589 725 887 951 1026 1169 1196 1338 1350 1478 1567 1602 1686 1770 1854 
97 295 383 474 523 590 726 888 952 1027 1170 1197 1339 1351 1479 1568 1603 1687 1771 1855 
98 296 384 475 524 591 727 889 953 1028 1171 1198 1340 1352 1480 1569 1604 1688 1772 1856 
99 297 385 476 525 592 728 890 954 1029 1172 1199 1341 1353 1481 1570 1605 1689 1773 1857 
100 298 386 477 526 593 729 891 955 1030 1173 1200 1342 1354 1482 1571 1606 1690 1774 1858 
101 299 387 478 527 594 730 892 956 1031 1174 1201 1343 1355 1483 1572 1607 1691 1775 1859 
102 300 388 479 528 595 731 893 957 1032 1175 1202 1260 1356 1484 1573 1608 1692 1776 1860 
103 301 389 480 529 596 732 894 958 1033 1092 1203 1261 1357 1485 1574 1609 1693 1777 1861 
104 302 390 481 530 597 733 895 959 1034 1093 1204 1262 1358 1486 1575 1610 1694 1778 1862 
105 303 391 482 531 598 734 896 960 1035 1094 1205 1263 1359 1487 1576 1611 1695 1779 1863 
106 304 392 483 532 599 735 897 961 1036 1095 1206 1264 1360 1488 1577 1612 1696 1780 1864 
107 305 393 484 533 600 736 898 962 1037 1096 1207 1265 1361 1489 1578 1613 1697 1781 1865 
108 306 394 485 534 601 737 899 963 1038 1097 1208 1266 1362 1490 1579 1614 1698 1782 1866 
109 307 395 486 535 602 738 900 964 1039 1098 1209 1267 1363 1491 1580 1615 1699 1783 1867 
110 308 396 487 536 603 739 901 965 1040 1099 1210 1268 1364 1492 1581 1616 1700 1784 1868 
111 309 397 488 537 604 740 902 966 1041 1100 1211 1269 1365 1493 1582 1617 1701 1785 1869 
112 310 398 489 538 605 741 903 967 1042 1101 1212 1270 1366 1494 1583 1618 1702 1786 1870 
113 311 399 490 539 606 742 904 968 1043 1102 1213 1271 1367 1495 1584 1619 1703 1787 1871 
114 312 400 491 540 607 743 905 969 1044 1103 1214 1272 1368 1496 1585 1620 1704 1788 1872 
115 313 401 492 541 608 744 906 970 1045 1104 1215 1273 1369 1497 1586 1621 1705 1789 1873 
116 314 402 493 542 609 745 907 971 1046 1105 1216 1274 1370 1498 1587 1622 1706 1790 1874 
117 315 403 494 543 610 746 908 972 1047 1106 1217 1275 1371 1499 1588 1623 1707 1791 1875 
118 316 404 495 544 611 747 909 973 1048 1107 1218 1276 1372 1500 1589 1624 1708 1792 1876 
119 317 405 496 545 612 748 910 974 1049 1108 1219 1277 1373 1501 1590 1625 1709 1793 1877 
120 318 406 497 546 613 749 911 975 1050 1109 1220 1278 1374 1502 1591 1626 1710 1794 1878 
121 319 407 498 547 614 750 912 976 1051 1110 1221 1279 1375 1503 1592 1627 1711 1795 1879 
122 320 408 499 548 615 751 913 977 1052 1111 1222 1280 1376 1504 1593 1628 1712 1796 1880 
123 321 409 500 549 616 752 914 978 1053 1112 1223 1281 1377 1505 1594 1629 1713 1797 1881 
124 322 410 501 550 617 753 915 979 1054 1113 1224 1282 1378 1506 1595 1630 1714 1798 1882 
125 323 411 502 551 618 754 916 980 1055 1114 1225 1283 1379 1507 1512 1631 1715 1799 1883 
126 324 412 503 552 619 755 917 981 1056 1115 1226 1284 1380 1508 1513 1632 1716 1800 1884 
127 325 413 420 553 620 672 918 982 1057 1116 1227 1285 1381 1509 1514 1633 1717 1801 1885 
128 326 414 421 554 621 673 919 983 1058 1117 1228 1286 1382 1510 1515 1634 1718 1802 1886 
129 327 415 422 555 622 674 920 984 1059 1118 1229 1287 1383 1511 1516 1635 1719 1803 1887 
130 328 416 423 556 623 675 921 985 1060 1119 1230 1288 1384 1428 1517 1636 1720 1804 1888 
131 329 417 424 557 624 676 922 986 1061 1120 1231 1289 1385 1429 1518 1637 1721 1805 1889 
132 330 418 425 558 625 677 923 987 1062 1121 1232 1290 1386 1430 1519 1638 1722 1806 1890 
133 331 419 426 559 626 678 840 988 1063 1122 1233 1291 1387 1431 1520 1639 1723 1807 1891 
134 332 336 427 560 627 679 841 989 1064 1123 1234 1292 1388 1432 1521 1640 1724 1808 1892 
135 333 337 428 561 628 680 842 990 1065 1124 1235 1293 1389 1433 1522 1641 1725 1809 1893 
136 334 338 429 562 629 681 843 991 1066 1125 1236 1294 1390 1434 1523 1642 1726 1810 1894 
137 335 339 430 563 630 682 844 992 1067 1126 1237 1295 1391 1435 1524 1643 1727 1811 1895 
138 252 340 431 564 631 683 845 993 1068 1127 1238 1296 1392 1436 1525 1644 1728 1812 1896 
139 253 341 432 565 632 684 846 994 1069 1128 1239 1297 1393 1437 1526 1645 1729 1813 1897 
140 254 342 433 566 633 685 847 995 1070 1129 1240 1298 1394 1438 1527 1646 1730 1814 1898 
141 255 343 434 567 634 686 848 996 1071 1130 1241 1299 1395 1439 1528 1647 1731 1815 1899 
142 256 344 435 568 635 687 849 997 1072 1131 1242 1300 1396 1440 1529 1648 1732 1816 1900 
143 257 345 436 569 636 688 850 998 1073 1132 1243 1301 1397 1441 1530 1649 1733 1817 1901 
144 258 346 437 570 637 689 851 999 1074 1133 1244 1302 1398 1442 1531 1650 1734 1818 1902 
145 259 347 438 571 638 690 852 1000 1075 1134 1245 1303 1399 1443 1532 1651 1735 1819 1903 
146 260 348 439 572 639 691 853 1001 1076 1135 1246 1304 1400 1444 1533 1652 1736 1820 1904 
147 261 349 440 573 640 692 854 1002 1077 1136 1247 1305 1401 1445 1534 1653 1737 1821 1905 
148 262 350 441 574 641 693 855 1003 1078 1137 1248 1306 1402 1446 1535 1654 1738 1822 1906 
149 263 351 442 575 642 694 856 1004 1079 1138 1249 1307 1403 1447 1536 1655 1739 1823 1907 
150 264 352 443 576 643 695 857 1005 1080 1139 1250 1308 1404 1448 1537 1656 1740 1824 1908 
151 265 353 444 577 644 696 858 1006 1081 1140 1251 1309 1405 1449 1538 1657 1741 1825 1909 
152 266 354 445 578 645 697 859 1007 1082 1141 1252 1310 1406 1450 1539 1658 1742 1826 1910 
153 267 355 446 579 646 698 860 924 1083 1142 1253 1311 1407 1451 1540 1659 1743 1827 1911 
154 268 356 447 580 647 699 861 925 1084 1143 1254 1312 1408 1452 1541 1660 1744 1828 1912 
155 269 357 448 581 648 700 862 926 1085 1144 1255 1313 1409 1453 1542 1661 1745 1829 1913 
156 270 358 449 582 649 701 863 927 1086 1145 1256 1314 1410 1454 1543 1662 1746 1830 1914 
157 271 359 450 583 650 702 864 928 1087 1146 1257 1315 1411 1455 1544 1663 1747 1831 1915 
158 272 360 451 584 651 703 865 929 1088 1147 1258 1316 1412 1456 1545 1664 1748 1832 1916 
159 273 361 452 585 652 704 866 930 1089 1148 1259 1317 1413 1457 1546 1665 1749 1833 1917 
160 274 362 453 586 653 705 867 931 1090 1149 1176 1318 1414 1458 1547 1666 1750 1834 1918 
161 275 363 454 587 654 706 868 932 1091 1150 1177 1319 1415 1459 1548 1667 1751 1835 1919 
162 276 364 455 504 655 707 869 933 1008 1151 1178 1320 1416 1460 1549 1668 1752 1836 1920 
163 277 365 456 505 656 708 870 934 1009 1152 1179 1321 1417 1461 1550 1669 1753 1837 1921 
164 278 366 457 506 657 709 871 935 1010 1153 1180 1322 1418 1462 1551 1670 1754 1838 1922 
165 279 367 458 507 658 710 872 936 1011 1154 1181 1323 1419 1463 1552 1671 1755 1839 1923 
166 280 368 459 508 659 711 873 937 1012 1155 1182 1324 1420 1464 1553 1672 1756 1840 1924 
167 281 369 460 509 660 712 874 938 1013 1156 1183 1325 1421 1465 1554 1673 1757 1841 1925 
84 282 370 461 510 661 713 875 939 1014 1157 1184 1326 1422 1466 1555 1674 1758 1842 1926 
85 283 371 462 511 662 714 876 940 1015 1158 1185 1327 1423 1467 1556 1675 1759 1843 1927 
86 284 372 463 512 663 715 877 941 1016 1159 1186 1328 1424 1468 1557 1676 1760 1844 1928 
87 285 373 464 513 664 716 878 942 1017 1160 1187 1329 1425 1469 1558 1677 1761 1845 1929 
88 286 374 465 514 665 717 879 943 1018 1161 1188 1330 1426 1470 1559 1678 1762 1846 1930 
89 287 375 466 515 666 718 880 944 1019 1162 1189 1331 1427 1471 1560 1679 1763 1847 1931 
51 165 251 256 403 525 703 780 847 985 1089 1101 1178 1338 1404 1432 1579 1611 1848 1932 
52 166 168 257 404 526 704 781 848 986 1090 1102 1179 1339 1405 1433 1580 1612 1849 1933 
53 167 169 258 405 527 705 782 849 987 1091 1103 1180 1340 1406 1434 1581 1613 1850 1934 
54 84 170 259 406 528 706 783 850 988 1008 1104 1181 1341 1407 1435 1582 1614 1851 1935 
55 85 171 260 407 529 707 784 851 989 1009 1105 1182 1342 1408 1436 1583 1615 1852 1936 
56 86 172 261 408 530 708 785 852 990 1010 1106 1183 1343 1409 1437 1584 1616 1853 1937 
57 87 173 262 409 531 709 786 853 991 1011 1107 1184 1260 1410 1438 1585 1617 1854 1938 
58 88 174 263 410 532 710 787 854 992 1012 1108 1185 1261 1411 1439 1586 1618 1855 1939 
59 89 175 264 411 533 711 788 855 993 1013 1109 1186 1262 1412 1440 1587 1619 1856 1940 
60 90 176 265 412 534 712 789 856 994 1014 1110 1187 1263 1413 1441 1588 1620 1857 1941 
61 91 177 266 413 535 713 790 857 995 1015 1111 1188 1264 1414 1442 1589 1621 1858 1942 
62 92 178 267 414 536 714 791 858 996 1016 1112 1189 1265 1415 1443 1590 1622 1859 1943 
63 93 179 268 415 537 715 792 859 997 1017 1113 1190 1266 1416 1444 1591 1623 1860 1944 
64 94 180 269 416 538 716 793 860 998 1018 1114 1191 1267 1417 1445 1592 1624 1861 1945 
65 95 181 270 417 539 717 794 861 999 1019 1115 1192 1268 1418 1446 1593 1625 1862 1946 
66 96 182 271 418 540 718 795 862 1000 1020 1116 1193 1269 1419 1447 1594 1626 1863 1947 
67 97 183 272 419 541 719 796 863 1001 1021 1117 1194 1270 1420 1448 1595 1627 1864 1948 
68 98 184 273 336 542 720 797 864 1002 1022 1118 1195 1271 1421 1449 1512 1628 1865 1949 
69 99 185 274 337 543 721 798 865 1003 1023 1119 1196 1272 1422 1450 1513 1629 1866 1950 
70 100 186 275 338 544 722 799 866 1004 1024 1120 1197 1273 1423 1451 1514 1630 1867 1951 
71 101 187 276 339 545 723 800 867 1005 1025 1121 1198 1274 1424 1452 1515 1631 1868 1952 
72 102 188 277 340 546 724 801 868 1006 1026 1122 1199 1275 1425 1453 1516 1632 1869 1953 
73 103 189 278 341 547 725 802 869 1007 1027 1123 1200 1276 1426 1454 1517 1633 1870 1954 
74 104 190 279 342 548 726 803 870 924 1028 1124 1201 1277 1427 1455 1518 1634 1871 1955 
75 105 191 280 343 549 727 804 871 925 1029 1125 1202 1278 1344 1456 1519 1635 1872 1956 
76 106 192 281 344 550 728 805 872 926 1030 1126 1203 1279 1345 1457 1520 1636 1873 1957 
77 107 193 282 345 551 729 806 873 927 1031 1127 1204 1280 1346 1458 1521 1637 1874 1958 
78 108 194 283 346 552 730 807 874 928 1032 1128 1205 1281 1347 1459 1522 1638 1875 1959 
79 109 195 284 347 553 731 808 875 929 1033 1129 1206 1282 1348 1460 1523 1639 1876 1960 
80 110 196 285 348 554 732 809 876 930 1034 1130 1207 1283 1349 1461 1524 1640 1877 1961 
81 111 197 286 349 555 733 810 877 931 1035 1131 1208 1284 1350 1462 1525 1641 1878 1962 
82 112 198 287 350 556 734 811 878 932 1036 1132 1209 1285 1351 1463 1526 1642 1879 1963 
83 113 199 288 351 557 735 812 879 933 1037 1133 1210 1286 1352 1464 1527 1643 1880 1964 
0 114 200 289 352 558 736 813 880 934 1038 1134 1211 1287 1353 1465 1528 1644 1881 1965 
1 115 201 290 353 559 737 814 881 935 1039 1135 1212 1288 1354 1466 1529 1645 1882 1966 
2 116 202 291 354 560 738 815 882 936 1040 1136 1213 1289 1355 1467 1530 1646 1883 1967 
3 117 203 292 355 561 739 816 883 937 1041 1137 1214 1290 1356 1468 1531 1647 1884 1968 
4 118 204 293 356 562 740 817 884 938 1042 1138 1215 1291 1357 1469 1532 1648 1885 1969 
5 119 205 294 357 563 741 818 885 939 1043 1139 1216 1292 1358 1470 1533 1649 1886 1970 
6 120 206 295 358 564 742 819 886 940 1044 1140 1217 1293 1359 1471 1534 1650 1887 1971 
7 121 207 296 359 565 743 820 887 941 1045 1141 1218 1294 1360 1472 1535 1651 1888 1972 
8 122 208 297 360 566 744 821 888 942 1046 1142 1219 1295 1361 1473 1536 1652 1889 1973 
9 123 209 298 361 567 745 822 889 943 1047 1143 1220 1296 1362 1474 1537 1653 1890 1974 
10 124 210 299 362 568 746 823 890 944 1048 1144 1221 1297 1363 1475 1538 1654 1891 1975 
11 125 211 300 363 569 747 824 891 945 1049 1145 1222 1298 1364 1476 1539 1655 1892 1976 
12 126 212 301 364 570 748 825 892 946 1050 1146 1223 1299 1365 1477 1540 1656 1893 1977 
13 127 213 302 365 571 749 826 893 947 1051 1147 1224 1300 1366 1478 1541 1657 1894 1978 
14 128 214 303 366 572 750 827 894 948 1052 1148 1225 1301 1367 1479 1542 1658 1895 1979 
15 129 215 304 367 573 751 828 895 949 1053 1149 1226 1302 1368 1480 1543 1659 1896 1980 
16 130 216 305 368 574 752 829 896 950 1054 1150 1227 1303 1369 1481 1544 1660 1897 1981 
17 131 217 306 369 575 753 830 897 951 1055 1151 1228 1304 1370 1482 1545 1661 1898 1982 
18 132 218 307 370 576 754 831 898 952 1056 1152 1229 1305 1371 1483 1546 1662 1899 1983 
19 133 219 308 371 577 755 832 899 953 1057 1153 1230 1306 1372 1484 1547 1663 1900 1984 
20 134 220 309 372 578 672 833 900 954 1058 1154 1231 1307 1373 1485 1548 1664 1901 1985 
21 135 221 310 373 579 673 834 901 955 1059 1155 1232 1308 1374 1486 1549 1665 1902 1986 
22 136 222 311 374 580 674 835 902 956 1060 1156 1233 1309 1375 1487 1550 1666 1903 1987 
23 137 223 312 375 581 675 836 903 957 1061 1157 1234 1310 1376 1488 1551 1667 1904 1988 
24 138 224 313 376 582 676 837 904 958 1062 1158 1235 1311 1377 1489 1552 1668 1905 1989 
25 139 225 314 377 583 677 838 905 959 1063 1159 1236 1312 1378 1490 1553 1669 1906 1990 
26 140 226 315 378 584 678 839 906 960 1064 1160 1237 1313 1379 1491 1554 1670 1907 1991 
27 141 227 316 379 585 679 756 907 961 1065 1161 1238 1314 1380 1492 1555 1671 1908 1992 
28 142 228 317 380 586 680 757 908 962 1066 1162 1239 1315 1381 1493 1556 1672 1909 1993 
29 143 229 318 381 587 681 758 909 963 1067 1163 1240 1316 1382 1494 1557 1673 1910 1994 
30 144 230 319 382 504 682 759 910 964 1068 1164 1241 1317 1383 1495 1558 1674 1911 1995 
31 145 231 320 383 505 683 760 911 965 1069 1165 1242 1318 1384 1496 1559 1675 1912 1996 
32 146 232 321 384 506 684 761 912 966 1070 1166 1243 1319 1385 1497 1560 1676 1913 1997 
33 147 233 322 385 507 685 762 913 967 1071 1167 1244 1320 1386 1498 1561 1677 1914 1998 
34 148 234 323 386 508 686 763 914 968 1072 1168 1245 1321 1387 1499 1562 1678 1915 1999 
35 149 235 324 387 509 687 764 915 969 1073 1169 1246 1322 1388 1500 1563 1679 1916 2000 
36 150 236 325 388 510 688 765 916 970 1074 1170 1247 1323 1389 1501 1564 1596 1917 2001 
37 151 237 326 389 511 689 766 917 971 1075 1171 1248 1324 1390 1502 1565 1597 1918 2002 
38 152 238 327 390 512 690 767 918 972 1076 1172 1249 1325 1391 1503 1566 1598 1919 2003 
39 153 239 328 391 513 691 768 919 973 1077 1173 1250 1326 1392 1504 1567 1599 1920 2004 
40 154 240 329 392 514 692 769 920 974 1078 1174 1251 1327 1393 1505 1568 1600 1921 2005 
41 155 241 330 393 515 693 770 921 975 1079 1175 1252 1328 1394 1506 1569 1601 1922 2006 
42 156 242 331 394 516 694 771 922 976 1080 1092 1253 1329 1395 1507 1570 1602 1923 2007 
43 157 243 332 395 517 695 772 923 977 1081 1093 1254 1330 1396 1508 1571 1603 1924 2008 
44 158 244 333 396 518 696 773 840 978 1082 1094 1255 1331 1397 1509 1572 1604 1925 2009 
45 159 245 334 397 519 697 774 841 979 1083 1095 1256 1332 1398 1510 1573 1605 1926 2010 
46 160 246 335 398 520 698 775 842 980 1084 1096 1257 1333 1399 1511 1574 1606 1927 2011 
47 161 247 252 399 521 699 776 843 981 1085 1097 1258 1334 1400 1428 1575 1607 1928 2012 
48 162 248 253 400 522 700 777 844 982 1086 1098 1259 1335 1401 1429 1576 1608 1929 2013 
49 163 249 254 401 523 701 778 845 983 1087 1099 1176 1336 1402 1430 1577 1609 1930 2014 
50 164 250 255 402 524 702 779 846 984 1088 1100 1177 1337 1403 1431 1578 1610 1931 2015 
50 218 267 456 517 598 683 776 893 930 1037 1100 1233 1290 1344 1436 1523 1662 1760 1932 
51 219 268 457 518 599 684 777 894 931 1038 1101 1234 1291 1345 1437 1524 1663 1761 1933 
52 220 269 458 519 600 685 778 895 932 1039 1102 1235 1292 1346 1438 1525 1664 1762 1934 
53 221 270 459 520 601 686 779 896 933 1040 1103 1236 1293 1347 1439 1526 1665 1763 1935 
54 222 271 460 521 602 687 780 897 934 1041 1104 1237 1294 1348 1440 1527 1666 1680 1936 
55 223 272 461 522 603 688 781 898 935 1042 1105 1238 1295 1349 1441 1528 1667 1681 1937 
56 224 273 462 523 604 689 782 899 936 1043 1106 1239 1296 1350 1442 1529 1668 1682 1938 
57 225 274 463 524 605 690 783 900 937 1044 1107 1240 1297 1351 1443 1530 1669 1683 1939 
58 226 275 464 525 606 691 784 901 938 1045 1108 1241 1298 1352 1444 1531 1670 1684 1940 
59 227 276 465 526 607 692 785 902 939 1046 1109 1242 1299 1353 1445 1532 1671 1685 1941 
60 228 277 466 527 608 693 786 903 940 1047 1110 1243 1300 1354 1446 1533 1672 1686 1942 
61 229 278 467 528 609 694 787 904 941 1048 1111 1244 1301 1355 1447 1534 1673 1687 1943 
62 230 279 468 529 610 695 788 905 942 1049 1112 1245 1302 1356 1448 1535 1674 1688 1944 
63 231 280 469 530 611 696 789 906 943 1050 1113 1246 1303 1357 1449 1536 1675 1689 1945 
64 232 281 470 531 612 697 790 907 944 1051 1114 1247 1304 1358 1450 1537 1676 1690 1946 
65 233 282 471 532 613 698 791 908 945 1052 1115 1248 1305 1359 1451 1538 1677 1691 1947 
66 234 283 472 533 614 699 792 909 946 1053 1116 1249 1306 1360 1452 1539 1678 1692 1948 
67 235 284 473 534 615 700 793 910 947 1054 1117 1250 1307 1361 1453 1540 1679 1693 1949 
68 236 285 474 535 616 701 794 911 948 1055 1118 1251 1308 1362 1454 1541 1596 1694 1950 
69 237 286 475 536 617 702 795 912 949 1056 1119 1252 1309 1363 1455 1542 1597 1695 1951 
70 238 287 476 537 618 703 796 913 950 1057 1120 1253 1310 1364 1456 1543 1598 1696 1952 
71 239 288 477 538 619 704 797 914 951 1058 1121 1254 1311 1365 1457 1544 1599 1697 1953 
72 240 289 478 539 620 705 798 915 952 1059 1122 1255 1312 1366 1458 1545 1600 1698 1954 
73 241 290 479 540 621 706 799 916 953 1060 1123 1256 1313 1367 1459 1546 1601 1699 1955 
74 242 291 480 541 622 707 800 917 954 1061 1124 1257 1314 1368 1460 1547 1602 1700 1956 
75 243 292 481 542 623 708 801 918 955 1062 1125 1258 1315 1369 1461 1548 1603 1701 1957 
76 244 293 482 543 624 709 802 919 956 1063 1126 1259 1316 1370 1462 1549 1604 1702 1958 
77 245 294 483 544 625 710 803 920 957 1064 1127 1176 1317 1371 1463 1550 1605 1703 1959 
78 246 295 484 545 626 711 804 921 958 1065 1128 1177 1318 1372 1464 1551 1606 1704 1960 
79 247 296 485 546 627 712 805 922 959 1066 1129 1178 1319 1373 1465 1552 1607 1705 1961 
80 248 297 486 547 628 713 806 923 960 1067 1130 1179 1320 1374 1466 1553 1608 1706 1962 
81 249 298 487 548 629 714 807 840 961 1068 1131 1180 1321 1375 1467 1554 1609 1707 1963 
82 250 299 488 549 630 715 808 841 962 1069 1132 1181 1322 1376 1468 1555 1610 1708 1964 
83 251 300 489 550 631 716 809 842 963 1070 1133 1182 1323 1377 1469 1556 1611 1709 1965 
0 168 301 490 551 632 717 810 843 964 1071 1134 1183 1324 1378 1470 1557 1612 1710 1966 
1 169 302 491 552 633 718 811 844 965 1072 1135 1184 1325 1379 1471 1558 1613 1711 1967 
2 170 303 492 553 634 719 812 845 966 1073 1136 1185 1326 1380 1472 1559 1614 1712 1968 
3 171 304 493 554 635 720 813 846 967 1074 1137 1186 1327 1381 1473 1560 1615 1713 1969 
4 172 305 494 555 636 721 814 847 968 1075 1138 1187 1328 1382 1474 1561 1616 1714 1970 
5 173 306 495 556 637 722 815 848 969 1076 1139 1188 1329 1383 1475 1562 1617 1715 1971 
6 174 307 496 557 638 723 816 849 970 1077 1140 1189 1330 1384 1476 1563 1618 1716 1972 
7 175 308 497 558 639 724 817 850 971 1078 1141 1190 1331 1385 1477 1564 1619 1717 1973 
8 176 309 498 559 640 725 818 851 972 1079 1142 1191 1332 1386 1478 1565 1620 1718 1974 
9 177 310 499 560 641 726 819 852 973 1080 1143 1192 1333 1387 1479 1566 1621 1719 1975 
10 178 311 500 561 642 727 820 853 974 1081 1144 1193 1334 1388 1480 1567 1622 1720 1976 
11 179 312 501 562 643 728 821 854 975 1082 1145 1194 1335 1389 1481 1568 1623 1721 1977 
12 180 313 502 563 644 729 822 855 976 1083 1146 1195 1336 1390 1482 1569 1624 1722 1978 
13 181 314 503 564 645 730 823 856 977 1084 1147 1196 1337 1391 1483 1570 1625 1723 1979 
14 182 315 420 565 646 731 824 857 978 1085 1148 1197 1338 1392 1484 1571 1626 1724 1980 
15 183 316 421 566 647 732 825 858 979 1086 1149 1198 1339 1393 1485 1572 1627 1725 1981 
16 184 317 422 567 648 733 826 859 980 1087 1150 1199 1340 1394 1486 1573 1628 1726 1982 
17 185 318 423 568 649 734 827 860 981 1088 1151 1200 1341 1395 1487 1574 1629 1727 1983 
18 186 319 424 569 650 735 828 861 982 1089 1152 1201 1342 1396 1488 1575 1630 1728 1984 
19 187 320 425 570 651 736 829 862 983 1090 1153 1202 1343 1397 1489 1576 1631 1729 1985 
20 188 321 426 571 652 737 830 863 984 1091 1154 1203 1260 1398 1490 1577 1632 1730 1986 
21 189 322 427 572 653 738 831 864 985 1008 1155 1204 1261 1399 1491 1578 1633 1731 1987 
22 190 323 428 573 654 739 832 865 986 1009 1156 1205 1262 1400 1492 1579 1634 1732 1988 
23 191 324 429 574 655 740 833 866 987 1010 1157 1206 1263 1401 1493 1580 1635 1733 1989 
24 192 325 430 575 656 741 834 867 988 1011 1158 1207 1264 1402 1494 1581 1636 1734 1990 
25 193 326 431 576 657 742 835 868 989 1012 1159 1208 1265 1403 1495 1582 1637 1735 1991 
26 194 327 432 577 658 743 836 869 990 1013 1160 1209 1266 1404 1496 1583 1638 1736 1992 
27 195 328 433 578 659 744 837 870 991 1014 1161 1210 1267 1405 1497 1584 1639 1737 1993 
28 196 329 434 579 660 745 838 871 992 1015 1162 1211 1268 1406 1498 1585 1640 1738 1994 
29 197 330 435 580 661 746 839 872 993 1016 1163 1212 1269 1407 1499 1586 1641 1739 1995 
30 198 331 436 581 662 747 756 873 994 1017 1164 1213 1270 1408 1500 1587 1642 1740 1996 
31 199 332 437 582 663 748 757 874 995 1018 1165 1214 1271 1409 1501 1588 1643 1741 1997 
32 200 333 438 583 664 749 758 875 996 1019 1166 1215 1272 1410 1502 1589 1644 1742 1998 
33 201 334 439 584 665 750 759 876 997 1020 1167 1216 1273 1411 1503 1590 1645 1743 1999 
34 202 335 440 585 666 751 760 877 998 1021 1168 1217 1274 1412 1504 1591 1646 1744 2000 
35 203 252 441 586 667 752 761 878 999 1022 1169 1218 1275 1413 1505 1592 1647 1745 2001 
36 204 253 442 587 668 753 762 879 1000 1023 1170 1219 1276 1414 1506 1593 1648 1746 2002 
37 205 254 443 504 669 754 763 880 1001 1024 1171 1220 1277 1415 1507 1594 1649 1747 2003 
38 206 255 444 505 670 755 764 881 1002 1025 1172 1221 1278 1416 1508 1595 1650 1748 2004 
39 207 256 445 506 671 672 765 882 1003 1026 1173 1222 1279 1417 1509 1512 1651 1749 2005 
40 208 257 446 507 588 673 766 883 1004 1027 1174 1223 1280 1418 1510 1513 1652 1750 2006 
41 209 258 447 508 589 674 767 884 1005 1028 1175 1224 1281 1419 1511 1514 1653 1751 2007 
42 210 259 448 509 590 675 768 885 1006 1029 1092 1225 1282 1420 1428 1515 1654 1752 2008 
43 211 260 449 510 591 676 769 886 1007 1030 1093 1226 1283 1421 1429 1516 1655 1753 2009 
44 212 261 450 511 592 677 770 887 924 1031 1094 1227 1284 1422 1430 1517 1656 1754 2010 
45 213 262 451 512 593 678 771 888 925 1032 1095 1228 1285 1423 1431 1518 1657 1755 2011 
46 214 263 452 513 594 679 772 889 926 1033 1096 1229 1286 1424 1432 1519 1658 1756 2012 
47 215 264 453 514 595 680 773 890 927 1034 1097 1230 1287 1425 1433 1520 1659 1757 2013 
48 216 265 454 515 596 681 774 891 928 1035 1098 1231 1288 1426 1434 1521 1660 1758 2014 
49 217 266 455 516 597 682 775 892 929 1036 1099 1232 1289 1427 1435 1522 1661 1759 2015 

