94 241 727 839 1015 1092 
95 242 728 756 1016 1093 
96 243 729 757 1017 1094 
97 244 730 758 1018 1095 
98 245 731 759 1019 1096 
99 246 732 760 1020 1097 
100 247 733 761 1021 1098 
101 248 734 762 1022 1099 
102 249 735 763 1023 1100 
103 250 736 764 1024 1101 
104 251 737 765 1025 1102 
105 168 738 766 1026 1103 
106 169 739 767 1027 1104 
107 170 740 768 1028 1105 
108 171 741 769 1029 1106 
109 172 742 770 1030 1107 
110 173 743 771 1031 1108 
111 174 744 772 1032 1109 
112 175 745 773 1033 1110 
113 176 746 774 1034 1111 
114 177 747 775 1035 1112 
115 178 748 776 1036 1113 
116 179 749 777 1037 1114 
117 180 750 778 1038 1115 
118 181 751 779 1039 1116 
119 182 752 780 1040 1117 
120 183 753 781 1041 1118 
121 184 754 782 1042 1119 
122 185 755 783 1043 1120 
123 186 672 784 1044 1121 
124 187 673 785 1045 1122 
125 188 674 786 1046 1123 
126 189 675 787 1047 1124 
127 190 676 788 1048 1125 
128 191 677 789 1049 1126 
129 192 678 790 1050 1127 
130 193 679 791 1051 1128 
131 194 680 792 1052 1129 
132 195 681 793 1053 1130 
133 196 682 794 1054 1131 
134 197 683 795 1055 1132 
135 198 684 796 1056 1133 
136 199 685 797 1057 1134 
137 200 686 798 1058 1135 
138 201 687 799 1059 1136 
139 202 688 800 1060 1137 
140 203 689 801 1061 1138 
141 204 690 802 1062 1139 
142 205 691 803 1063 1140 
143 206 692 804 1064 1141 
144 207 693 805 1065 1142 
145 208 694 806 1066 1143 
146 209 695 807 1067 1144 
147 210 696 808 1068 1145 
148 211 697 809 1069 1146 
149 212 698 810 1070 1147 
150 213 699 811 1071 1148 
151 214 700 812 1072 1149 
152 215 701 813 1073 1150 
153 216 702 814 1074 1151 
154 217 703 815 1075 1152 
155 218 704 816 1076 1153 
156 219 705 817 1077 1154 
157 220 706 818 1078 1155 
158 221 707 819 1079 1156 
159 222 708 820 1080 1157 
160 223 709 821 1081 1158 
161 224 710 822 1082 1159 
162 225 711 823 1083 1160 
163 226 712 824 1084 1161 
164 227 713 825 1085 1162 
165 228 714 826 1086 1163 
166 229 715 827 1087 1164 
167 230 716 828 1088 1165 
84 231 717 829 1089 1166 
85 232 718 830 1090 1167 
86 233 719 831 1091 1168 
87 234 720 832 1008 1169 
88 235 721 833 1009 1170 
89 236 722 834 1010 1171 
90 237 723 835 1011 1172 
91 238 724 836 1012 1173 
92 239 725 837 1013 1174 
93 240 726 838 1014 1175 
61 215 737 781 1260 1344 
62 216 738 782 1261 1345 
63 217 739 783 1262 1346 
64 218 740 784 1263 1347 
65 219 741 785 1264 1348 
66 220 742 786 1265 1349 
67 221 743 787 1266 1350 
68 222 744 788 1267 1351 
69 223 745 789 1268 1352 
70 224 746 790 1269 1353 
71 225 747 791 1270 1354 
72 226 748 792 1271 1355 
73 227 749 793 1272 1356 
74 228 750 794 1273 1357 
75 229 751 795 1274 1358 
76 230 752 796 1275 1359 
77 231 753 797 1276 1360 
78 232 754 798 1277 1361 
79 233 755 799 1278 1362 
80 234 672 800 1279 1363 
81 235 673 801 1280 1364 
82 236 674 802 1281 1365 
83 237 675 803 1282 1366 
0 238 676 804 1283 1367 
1 239 677 805 1284 1368 
2 240 678 806 1285 1369 
3 241 679 807 1286 1370 
4 242 680 808 1287 1371 
5 243 681 809 1288 1372 
6 244 682 810 1289 1373 
7 245 683 811 1290 1374 
8 246 684 812 1291 1375 
9 247 685 813 1292 1376 
10 248 686 814 1293 1377 
11 249 687 815 1294 1378 
12 250 688 816 1295 1379 
13 251 689 817 1296 1380 
14 168 690 818 1297 1381 
15 169 691 819 1298 1382 
16 170 692 820 1299 1383 
17 171 693 821 1300 1384 
18 172 694 822 1301 1385 
19 173 695 823 1302 1386 
20 174 696 824 1303 1387 
21 175 697 825 1304 1388 
22 176 698 826 1305 1389 
23 177 699 827 1306 1390 
24 178 700 828 1307 1391 
25 179 701 829 1308 1392 
26 180 702 830 1309 1393 
27 181 703 831 1310 1394 
28 182 704 832 1311 1395 
29 183 705 833 1312 1396 
30 184 706 834 1313 1397 
31 185 707 835 1314 1398 
32 186 708 836 1315 1399 
33 187 709 837 1316 1400 
34 188 710 838 1317 1401 
35 189 711 839 1318 1402 
36 190 712 756 1319 1403 
37 191 713 757 1320 1404 
38 192 714 758 1321 1405 
39 193 715 759 1322 1406 
40 194 716 760 1323 1407 
41 195 717 761 1324 1408 
42 196 718 762 1325 1409 
43 197 719 763 1326 1410 
44 198 720 764 1327 1411 
45 199 721 765 1328 1412 
46 200 722 766 1329 1413 
47 201 723 767 1330 1414 
48 202 724 768 1331 1415 
49 203 725 769 1332 1416 
50 204 726 770 1333 1417 
51 205 727 771 1334 1418 
52 206 728 772 1335 1419 
53 207 729 773 1336 1420 
54 208 730 774 1337 1421 
55 209 731 775 1338 1422 
56 210 732 776 1339 1423 
57 211 733 777 1340 1424 
58 212 734 778 1341 1425 
59 213 735 779 1342 1426 
60 214 736 780 1343 1427 
207 504 797 912 1344 1428 
208 505 798 913 1345 1429 
209 506 799 914 1346 1430 
210 507 800 915 1347 1431 
211 508 801 916 1348 1432 
212 509 802 917 1349 1433 
213 510 803 918 1350 1434 
214 511 804 919 1351 1435 
215 512 805 920 1352 1436 
216 513 806 921 1353 1437 
217 514 807 922 1354 1438 
218 515 808 923 1355 1439 
219 516 809 840 1356 1440 
220 517 810 841 1357 1441 
221 518 811 842 1358 1442 
222 519 812 843 1359 1443 
223 520 813 844 1360 1444 
224 521 814 845 1361 1445 
225 522 815 846 1362 1446 
226 523 816 847 1363 1447 
227 524 817 848 1364 1448 
228 525 818 849 1365 1449 
229 526 819 850 1366 1450 
230 527 820 851 1367 1451 
231 528 821 852 1368 1452 
232 529 822 853 1369 1453 
233 530 823 854 1370 1454 
234 531 824 855 1371 1455 
235 532 825 856 1372 1456 
236 533 826 857 1373 1457 
237 534 827 858 1374 1458 
238 535 828 859 1375 1459 
239 536 829 860 1376 1460 
240 537 830 861 1377 1461 
241 538 831 862 1378 1462 
242 539 832 863 1379 1463 
243 540 833 864 1380 1464 
244 541 834 865 1381 1465 
245 542 835 866 1382 1466 
246 543 836 867 1383 1467 
247 544 837 868 1384 1468 
248 545 838 869 1385 1469 
249 546 839 870 1386 1470 
250 547 756 871 1387 1471 
251 548 757 872 1388 1472 
168 549 758 873 1389 1473 
169 550 759 874 1390 1474 
170 551 760 875 1391 1475 
171 552 761 876 1392 1476 
172 553 762 877 1393 1477 
173 554 763 878 1394 1478 
174 555 764 879 1395 1479 
175 556 765 880 1396 1480 
176 557 766 881 1397 1481 
177 558 767 882 1398 1482 
178 559 768 883 1399 1483 
179 560 769 884 1400 1484 
180 561 770 885 1401 1485 
181 562 771 886 1402 1486 
182 563 772 887 1403 1487 
183 564 773 888 1404 1488 
184 565 774 889 1405 1489 
185 566 775 890 1406 1490 
186 567 776 891 1407 1491 
187 568 777 892 1408 1492 
188 569 778 893 1409 1493 
189 570 779 894 1410 1494 
190 571 780 895 1411 1495 
191 572 781 896 1412 1496 
192 573 782 897 1413 1497 
193 574 783 898 1414 1498 
194 575 784 899 1415 1499 
195 576 785 900 1416 1500 
196 577 786 901 1417 1501 
197 578 787 902 1418 1502 
198 579 788 903 1419 1503 
199 580 789 904 1420 1504 
200 581 790 905 1421 1505 
201 582 791 906 1422 1506 
202 583 792 907 1423 1507 
203 584 793 908 1424 1508 
204 585 794 909 1425 1509 
205 586 795 910 1426 1510 
206 587 796 911 1427 1511 
179 305 770 858 1512 1596 
180 306 771 859 1513 1597 
181 307 772 860 1514 1598 
182 308 773 861 1515 1599 
183 309 774 862 1516 1600 
184 310 775 863 1517 1601 
185 311 776 864 1518 1602 
186 312 777 865 1519 1603 
187 313 778 866 1520 1604 
188 314 779 867 1521 1605 
189 315 780 868 1522 1606 
190 316 781 869 1523 1607 
191 317 782 870 1524 1608 
192 318 783 871 1525 1609 
193 319 784 872 1526 1610 
194 320 785 873 1527 1611 
195 321 786 874 1528 1612 
196 322 787 875 1529 1613 
197 323 788 876 1530 1614 
198 324 789 877 1531 1615 
199 325 790 878 1532 1616 
200 326 791 879 1533 1617 
201 327 792 880 1534 1618 
202 328 793 881 1535 1619 
203 329 794 882 1536 1620 
204 330 795 883 1537 1621 
205 331 796 884 1538 1622 
206 332 797 885 1539 1623 
207 333 798 886 1540 1624 
208 334 799 887 1541 1625 
209 335 800 888 1542 1626 
210 252 801 889 1543 1627 
211 253 802 890 1544 1628 
212 254 803 891 1545 1629 
213 255 804 892 1546 1630 
214 256 805 893 1547 1631 
215 257 806 894 1548 1632 
216 258 807 895 1549 1633 
217 259 808 896 1550 1634 
218 260 809 897 1551 1635 
219 261 810 898 1552 1636 
220 262 811 899 1553 1637 
221 263 812 900 1554 1638 
222 264 813 901 1555 1639 
223 265 814 902 1556 1640 
224 266 815 903 1557 1641 
225 267 816 904 1558 1642 
226 268 817 905 1559 1643 
227 269 818 906 1560 1644 
228 270 819 907 1561 1645 
229 271 820 908 1562 1646 
230 272 821 909 1563 1647 
231 273 822 910 1564 1648 
232 274 823 911 1565 1649 
233 275 824 912 1566 1650 
234 276 825 913 1567 1651 
235 277 826 914 1568 1652 
236 278 827 915 1569 1653 
237 279 828 916 1570 1654 
238 280 829 917 1571 1655 
239 281 830 918 1572 1656 
240 282 831 919 1573 1657 
241 283 832 920 1574 1658 
242 284 833 921 1575 1659 
243 285 834 922 1576 1660 
244 286 835 923 1577 1661 
245 287 836 840 1578 1662 
246 288 837 841 1579 1663 
247 289 838 842 1580 1664 
248 290 839 843 1581 1665 
249 291 756 844 1582 1666 
250 292 757 845 1583 1667 
251 293 758 846 1584 1668 
168 294 759 847 1585 1669 
169 295 760 848 1586 1670 
170 296 761 849 1587 1671 
171 297 762 850 1588 1672 
172 298 763 851 1589 1673 
173 299 764 852 1590 1674 
174 300 765 853 1591 1675 
175 301 766 854 1592 1676 
176 302 767 855 1593 1677 
177 303 768 856 1594 1678 
178 304 769 857 1595 1679 
95 241 506 803 1596 1680 
96 242 507 804 1597 1681 
97 243 508 805 1598 1682 
98 244 509 806 1599 1683 
99 245 510 807 1600 1684 
100 246 511 808 1601 1685 
101 247 512 809 1602 1686 
102 248 513 810 1603 1687 
103 249 514 811 1604 1688 
104 250 515 812 1605 1689 
105 251 516 813 1606 1690 
106 168 517 814 1607 1691 
107 169 518 815 1608 1692 
108 170 519 816 1609 1693 
109 171 520 817 1610 1694 
110 172 521 818 1611 1695 
111 173 522 819 1612 1696 
112 174 523 820 1613 1697 
113 175 524 821 1614 1698 
114 176 525 822 1615 1699 
115 177 526 823 1616 1700 
116 178 527 824 1617 1701 
117 179 528 825 1618 1702 
118 180 529 826 1619 1703 
119 181 530 827 1620 1704 
120 182 531 828 1621 1705 
121 183 532 829 1622 1706 
122 184 533 830 1623 1707 
123 185 534 831 1624 1708 
124 186 535 832 1625 1709 
125 187 536 833 1626 1710 
126 188 537 834 1627 1711 
127 189 538 835 1628 1712 
128 190 539 836 1629 1713 
129 191 540 837 1630 1714 
130 192 541 838 1631 1715 
131 193 542 839 1632 1716 
132 194 543 756 1633 1717 
133 195 544 757 1634 1718 
134 196 545 758 1635 1719 
135 197 546 759 1636 1720 
136 198 547 760 1637 1721 
137 199 548 761 1638 1722 
138 200 549 762 1639 1723 
139 201 550 763 1640 1724 
140 202 551 764 1641 1725 
141 203 552 765 1642 1726 
142 204 553 766 1643 1727 
143 205 554 767 1644 1728 
144 206 555 768 1645 1729 
145 207 556 769 1646 1730 
146 208 557 770 1647 1731 
147 209 558 771 1648 1732 
148 210 559 772 1649 1733 
149 211 560 773 1650 1734 
150 212 561 774 1651 1735 
151 213 562 775 1652 1736 
152 214 563 776 1653 1737 
153 215 564 777 1654 1738 
154 216 565 778 1655 1739 
155 217 566 779 1656 1740 
156 218 567 780 1657 1741 
157 219 568 781 1658 1742 
158 220 569 782 1659 1743 
159 221 570 783 1660 1744 
160 222 571 784 1661 1745 
161 223 572 785 1662 1746 
162 224 573 786 1663 1747 
163 225 574 787 1664 1748 
164 226 575 788 1665 1749 
165 227 576 789 1666 1750 
166 228 577 790 1667 1751 
167 229 578 791 1668 1752 
84 230 579 792 1669 1753 
85 231 580 793 1670 1754 
86 232 581 794 1671 1755 
87 233 582 795 1672 1756 
88 234 583 796 1673 1757 
89 235 584 797 1674 1758 
90 236 585 798 1675 1759 
91 237 586 799 1676 1760 
92 238 587 800 1677 1761 
93 239 504 801 1678 1762 
94 240 505 802 1679 1763 
430 647 910 996 1764 1848 
431 648 911 997 1765 1849 
432 649 912 998 1766 1850 
433 650 913 999 1767 1851 
434 651 914 1000 1768 1852 
435 652 915 1001 1769 1853 
436 653 916 1002 1770 1854 
437 654 917 1003 1771 1855 
438 655 918 1004 1772 1856 
439 656 919 1005 1773 1857 
440 657 920 1006 1774 1858 
441 658 921 1007 1775 1859 
442 659 922 924 1776 1860 
443 660 923 925 1777 1861 
444 661 840 926 1778 1862 
445 662 841 927 1779 1863 
446 663 842 928 1780 1864 
447 664 843 929 1781 1865 
448 665 844 930 1782 1866 
449 666 845 931 1783 1867 
450 667 846 932 1784 1868 
451 668 847 933 1785 1869 
452 669 848 934 1786 1870 
453 670 849 935 1787 1871 
454 671 850 936 1788 1872 
455 588 851 937 1789 1873 
456 589 852 938 1790 1874 
457 590 853 939 1791 1875 
458 591 854 940 1792 1876 
459 592 855 941 1793 1877 
460 593 856 942 1794 1878 
461 594 857 943 1795 1879 
462 595 858 944 1796 1880 
463 596 859 945 1797 1881 
464 597 860 946 1798 1882 
465 598 861 947 1799 1883 
466 599 862 948 1800 1884 
467 600 863 949 1801 1885 
468 601 864 950 1802 1886 
469 602 865 951 1803 1887 
470 603 866 952 1804 1888 
471 604 867 953 1805 1889 
472 605 868 954 1806 1890 
473 606 869 955 1807 1891 
474 607 870 956 1808 1892 
475 608 871 957 1809 1893 
476 609 872 958 1810 1894 
477 610 873 959 1811 1895 
478 611 874 960 1812 1896 
479 612 875 961 1813 1897 
480 613 876 962 1814 1898 
481 614 877 963 1815 1899 
482 615 878 964 1816 1900 
483 616 879 965 1817 1901 
484 617 880 966 1818 1902 
485 618 881 967 1819 1903 
486 619 882 968 1820 1904 
487 620 883 969 1821 1905 
488 621 884 970 1822 1906 
489 622 885 971 1823 1907 
490 623 886 972 1824 1908 
491 624 887 973 1825 1909 
492 625 888 974 1826 1910 
493 626 889 975 1827 1911 
494 627 890 976 1828 1912 
495 628 891 977 1829 1913 
496 629 892 978 1830 1914 
497 630 893 979 1831 1915 
498 631 894 980 1832 1916 
499 632 895 981 1833 1917 
500 633 896 982 1834 1918 
501 634 897 983 1835 1919 
502 635 898 984 1836 1920 
503 636 899 985 1837 1921 
420 637 900 986 1838 1922 
421 638 901 987 1839 1923 
422 639 902 988 1840 1924 
423 640 903 989 1841 1925 
424 641 904 990 1842 1926 
425 642 905 991 1843 1927 
426 643 906 992 1844 1928 
427 644 907 993 1845 1929 
428 645 908 994 1846 1930 
429 646 909 995 1847 1931 
175 317 711 805 1848 1932 
176 318 712 806 1849 1933 
177 319 713 807 1850 1934 
178 320 714 808 1851 1935 
179 321 715 809 1852 1936 
180 322 716 810 1853 1937 
181 323 717 811 1854 1938 
182 324 718 812 1855 1939 
183 325 719 813 1856 1940 
184 326 720 814 1857 1941 
185 327 721 815 1858 1942 
186 328 722 816 1859 1943 
187 329 723 817 1860 1944 
188 330 724 818 1861 1945 
189 331 725 819 1862 1946 
190 332 726 820 1863 1947 
191 333 727 821 1864 1948 
192 334 728 822 1865 1949 
193 335 729 823 1866 1950 
194 252 730 824 1867 1951 
195 253 731 825 1868 1952 
196 254 732 826 1869 1953 
197 255 733 827 1870 1954 
198 256 734 828 1871 1955 
199 257 735 829 1872 1956 
200 258 736 830 1873 1957 
201 259 737 831 1874 1958 
202 260 738 832 1875 1959 
203 261 739 833 1876 1960 
204 262 740 834 1877 1961 
205 263 741 835 1878 1962 
206 264 742 836 1879 1963 
207 265 743 837 1880 1964 
208 266 744 838 1881 1965 
209 267 745 839 1882 1966 
210 268 746 756 1883 1967 
211 269 747 757 1884 1968 
212 270 748 758 1885 1969 
213 271 749 759 1886 1970 
214 272 750 760 1887 1971 
215 273 751 761 1888 1972 
216 274 752 762 1889 1973 
217 275 753 763 1890 1974 
218 276 754 764 1891 1975 
219 277 755 765 1892 1976 
220 278 672 766 1893 1977 
221 279 673 767 1894 1978 
222 280 674 768 1895 1979 
223 281 675 769 1896 1980 
224 282 676 770 1897 1981 
225 283 677 771 1898 1982 
226 284 678 772 1899 1983 
227 285 679 773 1900 1984 
228 286 680 774 1901 1985 
229 287 681 775 1902 1986 
230 288 682 776 1903 1987 
231 289 683 777 1904 1988 
232 290 684 778 1905 1989 
233 291 685 779 1906 1990 
234 292 686 780 1907 1991 
235 293 687 781 1908 1992 
236 294 688 782 1909 1993 
237 295 689 783 1910 1994 
238 296 690 784 1911 1995 
239 297 691 785 1912 1996 
240 298 692 786 1913 1997 
241 299 693 787 1914 1998 
242 300 694 788 1915 1999 
243 301 695 789 1916 2000 
244 302 696 790 1917 2001 
245 303 697 791 1918 2002 
246 304 698 792 1919 2003 
247 305 699 793 1920 2004 
248 306 700 794 1921 2005 
249 307 701 795 1922 2006 
250 308 702 796 1923 2007 
251 309 703 797 1924 2008 
168 310 704 798 1925 2009 
169 311 705 799 1926 2010 
170 312 706 800 1927 2011 
171 313 707 801 1928 2012 
172 314 708 802 1929 2013 
173 315 709 803 1930 2014 
174 316 710 804 1931 2015 
43 486 629 950 1015 1932 
44 487 630 951 1016 1933 
45 488 631 952 1017 1934 
46 489 632 953 1018 1935 
47 490 633 954 1019 1936 
48 491 634 955 1020 1937 
49 492 635 956 1021 1938 
50 493 636 957 1022 1939 
51 494 637 958 1023 1940 
52 495 638 959 1024 1941 
53 496 639 960 1025 1942 
54 497 640 961 1026 1943 
55 498 641 962 1027 1944 
56 499 642 963 1028 1945 
57 500 643 964 1029 1946 
58 501 644 965 1030 1947 
59 502 645 966 1031 1948 
60 503 646 967 1032 1949 
61 420 647 968 1033 1950 
62 421 648 969 1034 1951 
63 422 649 970 1035 1952 
64 423 650 971 1036 1953 
65 424 651 972 1037 1954 
66 425 652 973 1038 1955 
67 426 653 974 1039 1956 
68 427 654 975 1040 1957 
69 428 655 976 1041 1958 
70 429 656 977 1042 1959 
71 430 657 978 1043 1960 
72 431 658 979 1044 1961 
73 432 659 980 1045 1962 
74 433 660 981 1046 1963 
75 434 661 982 1047 1964 
76 435 662 983 1048 1965 
77 436 663 984 1049 1966 
78 437 664 985 1050 1967 
79 438 665 986 1051 1968 
80 439 666 987 1052 1969 
81 440 667 988 1053 1970 
82 441 668 989 1054 1971 
83 442 669 990 1055 1972 
0 443 670 991 1056 1973 
1 444 671 992 1057 1974 
2 445 588 993 1058 1975 
3 446 589 994 1059 1976 
4 447 590 995 1060 1977 
5 448 591 996 1061 1978 
6 449 592 997 1062 1979 
7 450 593 998 1063 1980 
8 451 594 999 1064 1981 
9 452 595 1000 1065 1982 
10 453 596 1001 1066 1983 
11 454 597 1002 1067 1984 
12 455 598 1003 1068 1985 
13 456 599 1004 1069 1986 
14 457 600 1005 1070 1987 
15 458 601 1006 1071 1988 
16 459 602 1007 1072 1989 
17 460 603 924 1073 1990 
18 461 604 925 1074 1991 
19 462 605 926 1075 1992 
20 463 606 927 1076 1993 
21 464 607 928 1077 1994 
22 465 608 929 1078 1995 
23 466 609 930 1079 1996 
24 467 610 931 1080 1997 
25 468 611 932 1081 1998 
26 469 612 933 1082 1999 
27 470 613 934 1083 2000 
28 471 614 935 1084 2001 
29 472 615 936 1085 2002 
30 473 616 937 1086 2003 
31 474 617 938 1087 2004 
32 475 618 939 1088 2005 
33 476 619 940 1089 2006 
34 477 620 941 1090 2007 
35 478 621 942 1091 2008 
36 479 622 943 1008 2009 
37 480 623 944 1009 2010 
38 481 624 945 1010 2011 
39 482 625 946 1011 2012 
40 483 626 947 1012 2013 
41 484 627 948 1013 2014 
42 485 628 949 1014 2015 
111 442 583 597 936 1092 1176 
112 443 584 598 937 1093 1177 
113 444 585 599 938 1094 1178 
114 445 586 600 939 1095 1179 
115 446 587 601 940 1096 1180 
116 447 504 602 941 1097 1181 
117 448 505 603 942 1098 1182 
118 449 506 604 943 1099 1183 
119 450 507 605 944 1100 1184 
120 451 508 606 945 1101 1185 
121 452 509 607 946 1102 1186 
122 453 510 608 947 1103 1187 
123 454 511 609 948 1104 1188 
124 455 512 610 949 1105 1189 
125 456 513 611 950 1106 1190 
126 457 514 612 951 1107 1191 
127 458 515 613 952 1108 1192 
128 459 516 614 953 1109 1193 
129 460 517 615 954 1110 1194 
130 461 518 616 955 1111 1195 
131 462 519 617 956 1112 1196 
132 463 520 618 957 1113 1197 
133 464 521 619 958 1114 1198 
134 465 522 620 959 1115 1199 
135 466 523 621 960 1116 1200 
136 467 524 622 961 1117 1201 
137 468 525 623 962 1118 1202 
138 469 526 624 963 1119 1203 
139 470 527 625 964 1120 1204 
140 471 528 626 965 1121 1205 
141 472 529 627 966 1122 1206 
142 473 530 628 967 1123 1207 
143 474 531 629 968 1124 1208 
144 475 532 630 969 1125 1209 
145 476 533 631 970 1126 1210 
146 477 534 632 971 1127 1211 
147 478 535 633 972 1128 1212 
148 479 536 634 973 1129 1213 
149 480 537 635 974 1130 1214 
150 481 538 636 975 1131 1215 
151 482 539 637 976 1132 1216 
152 483 540 638 977 1133 1217 
153 484 541 639 978 1134 1218 
154 485 542 640 979 1135 1219 
155 486 543 641 980 1136 1220 
156 487 544 642 981 1137 1221 
157 488 545 643 982 1138 1222 
158 489 546 644 983 1139 1223 
159 490 547 645 984 1140 1224 
160 491 548 646 985 1141 1225 
161 492 549 647 986 1142 1226 
162 493 550 648 987 1143 1227 
163 494 551 649 988 1144 1228 
164 495 552 650 989 1145 1229 
165 496 553 651 990 1146 1230 
166 497 554 652 991 1147 1231 
167 498 555 653 992 1148 1232 
84 499 556 654 993 1149 1233 
85 500 557 655 994 1150 1234 
86 501 558 656 995 1151 1235 
87 502 559 657 996 1152 1236 
88 503 560 658 997 1153 1237 
89 420 561 659 998 1154 1238 
90 421 562 660 999 1155 1239 
91 422 563 661 1000 1156 1240 
92 423 564 662 1001 1157 1241 
93 424 565 663 1002 1158 1242 
94 425 566 664 1003 1159 1243 
95 426 567 665 1004 1160 1244 
96 427 568 666 1005 1161 1245 
97 428 569 667 1006 1162 1246 
98 429 570 668 1007 1163 1247 
99 430 571 669 924 1164 1248 
100 431 572 670 925 1165 1249 
101 432 573 671 926 1166 1250 
102 433 574 588 927 1167 1251 
103 434 575 589 928 1168 1252 
104 435 576 590 929 1169 1253 
105 436 577 591 930 1170 1254 
106 437 578 592 931 1171 1255 
107 438 579 593 932 1172 1256 
108 439 580 594 933 1173 1257 
109 440 581 595 934 1174 1258 
110 441 582 596 935 1175 1259 
276 358 501 621 924 1176 1260 
277 359 502 622 925 1177 1261 
278 360 503 623 926 1178 1262 
279 361 420 624 927 1179 1263 
280 362 421 625 928 1180 1264 
281 363 422 626 929 1181 1265 
282 364 423 627 930 1182 1266 
283 365 424 628 931 1183 1267 
284 366 425 629 932 1184 1268 
285 367 426 630 933 1185 1269 
286 368 427 631 934 1186 1270 
287 369 428 632 935 1187 1271 
288 370 429 633 936 1188 1272 
289 371 430 634 937 1189 1273 
290 372 431 635 938 1190 1274 
291 373 432 636 939 1191 1275 
292 374 433 637 940 1192 1276 
293 375 434 638 941 1193 1277 
294 376 435 639 942 1194 1278 
295 377 436 640 943 1195 1279 
296 378 437 641 944 1196 1280 
297 379 438 642 945 1197 1281 
298 380 439 643 946 1198 1282 
299 381 440 644 947 1199 1283 
300 382 441 645 948 1200 1284 
301 383 442 646 949 1201 1285 
302 384 443 647 950 1202 1286 
303 385 444 648 951 1203 1287 
304 386 445 649 952 1204 1288 
305 387 446 650 953 1205 1289 
306 388 447 651 954 1206 1290 
307 389 448 652 955 1207 1291 
308 390 449 653 956 1208 1292 
309 391 450 654 957 1209 1293 
310 392 451 655 958 1210 1294 
311 393 452 656 959 1211 1295 
312 394 453 657 960 1212 1296 
313 395 454 658 961 1213 1297 
314 396 455 659 962 1214 1298 
315 397 456 660 963 1215 1299 
316 398 457 661 964 1216 1300 
317 399 458 662 965 1217 1301 
318 400 459 663 966 1218 1302 
319 401 460 664 967 1219 1303 
320 402 461 665 968 1220 1304 
321 403 462 666 969 1221 1305 
322 404 463 667 970 1222 1306 
323 405 464 668 971 1223 1307 
324 406 465 669 972 1224 1308 
325 407 466 670 973 1225 1309 
326 408 467 671 974 1226 1310 
327 409 468 588 975 1227 1311 
328 410 469 589 976 1228 1312 
329 411 470 590 977 1229 1313 
330 412 471 591 978 1230 1314 
331 413 472 592 979 1231 1315 
332 414 473 593 980 1232 1316 
333 415 474 594 981 1233 1317 
334 416 475 595 982 1234 1318 
335 417 476 596 983 1235 1319 
252 418 477 597 984 1236 1320 
253 419 478 598 985 1237 1321 
254 336 479 599 986 1238 1322 
255 337 480 600 987 1239 1323 
256 338 481 601 988 1240 1324 
257 339 482 602 989 1241 1325 
258 340 483 603 990 1242 1326 
259 341 484 604 991 1243 1327 
260 342 485 605 992 1244 1328 
261 343 486 606 993 1245 1329 
262 344 487 607 994 1246 1330 
263 345 488 608 995 1247 1331 
264 346 489 609 996 1248 1332 
265 347 490 610 997 1249 1333 
266 348 491 611 998 1250 1334 
267 349 492 612 999 1251 1335 
268 350 493 613 1000 1252 1336 
269 351 494 614 1001 1253 1337 
270 352 495 615 1002 1254 1338 
271 353 496 616 1003 1255 1339 
272 354 497 617 1004 1256 1340 
273 355 498 618 1005 1257 1341 
274 356 499 619 1006 1258 1342 
275 357 500 620 1007 1259 1343 
382 460 670 1003 1008 1428 1512 
383 461 671 1004 1009 1429 1513 
384 462 588 1005 1010 1430 1514 
385 463 589 1006 1011 1431 1515 
386 464 590 1007 1012 1432 1516 
387 465 591 924 1013 1433 1517 
388 466 592 925 1014 1434 1518 
389 467 593 926 1015 1435 1519 
390 468 594 927 1016 1436 1520 
391 469 595 928 1017 1437 1521 
392 470 596 929 1018 1438 1522 
393 471 597 930 1019 1439 1523 
394 472 598 931 1020 1440 1524 
395 473 599 932 1021 1441 1525 
396 474 600 933 1022 1442 1526 
397 475 601 934 1023 1443 1527 
398 476 602 935 1024 1444 1528 
399 477 603 936 1025 1445 1529 
400 478 604 937 1026 1446 1530 
401 479 605 938 1027 1447 1531 
402 480 606 939 1028 1448 1532 
403 481 607 940 1029 1449 1533 
404 482 608 941 1030 1450 1534 
405 483 609 942 1031 1451 1535 
406 484 610 943 1032 1452 1536 
407 485 611 944 1033 1453 1537 
408 486 612 945 1034 1454 1538 
409 487 613 946 1035 1455 1539 
410 488 614 947 1036 1456 1540 
411 489 615 948 1037 1457 1541 
412 490 616 949 1038 1458 1542 
413 491 617 950 1039 1459 1543 
414 492 618 951 1040 1460 1544 
415 493 619 952 1041 1461 1545 
416 494 620 953 1042 1462 1546 
417 495 621 954 1043 1463 1547 
418 496 622 955 1044 1464 1548 
419 497 623 956 1045 1465 1549 
336 498 624 957 1046 1466 1550 
337 499 625 958 1047 1467 1551 
338 500 626 959 1048 1468 1552 
339 501 627 960 1049 1469 1553 
340 502 628 961 1050 1470 1554 
341 503 629 962 1051 1471 1555 
342 420 630 963 1052 1472 1556 
343 421 631 964 1053 1473 1557 
344 422 632 965 1054 1474 1558 
345 423 633 966 1055 1475 1559 
346 424 634 967 1056 1476 1560 
347 425 635 968 1057 1477 1561 
348 426 636 969 1058 1478 1562 
349 427 637 970 1059 1479 1563 
350 428 638 971 1060 1480 1564 
351 429 639 972 1061 1481 1565 
352 430 640 973 1062 1482 1566 
353 431 641 974 1063 1483 1567 
354 432 642 975 1064 1484 1568 
355 433 643 976 1065 1485 1569 
356 434 644 977 1066 1486 1570 
357 435 645 978 1067 1487 1571 
358 436 646 979 1068 1488 1572 
359 437 647 980 1069 1489 1573 
360 438 648 981 1070 1490 1574 
361 439 649 982 1071 1491 1575 
362 440 650 983 1072 1492 1576 
363 441 651 984 1073 1493 1577 
364 442 652 985 1074 1494 1578 
365 443 653 986 1075 1495 1579 
366 444 654 987 1076 1496 1580 
367 445 655 988 1077 1497 1581 
368 446 656 989 1078 1498 1582 
369 447 657 990 1079 1499 1583 
370 448 658 991 1080 1500 1584 
371 449 659 992 1081 1501 1585 
372 450 660 993 1082 1502 1586 
373 451 661 994 1083 1503 1587 
374 452 662 995 1084 1504 1588 
375 453 663 996 1085 1505 1589 
376 454 664 997 1086 1506 1590 
377 455 665 998 1087 1507 1591 
378 456 666 999 1088 1508 1592 
379 457 667 1000 1089 1509 1593 
380 458 668 1001 1090 1510 1594 
381 459 669 1002 1091 1511 1595 
12 419 444 631 975 1680 1764 
13 336 445 632 976 1681 1765 
14 337 446 633 977 1682 1766 
15 338 447 634 978 1683 1767 
16 339 448 635 979 1684 1768 
17 340 449 636 980 1685 1769 
18 341 450 637 981 1686 1770 
19 342 451 638 982 1687 1771 
20 343 452 639 983 1688 1772 
21 344 453 640 984 1689 1773 
22 345 454 641 985 1690 1774 
23 346 455 642 986 1691 1775 
24 347 456 643 987 1692 1776 
25 348 457 644 988 1693 1777 
26 349 458 645 989 1694 1778 
27 350 459 646 990 1695 1779 
28 351 460 647 991 1696 1780 
29 352 461 648 992 1697 1781 
30 353 462 649 993 1698 1782 
31 354 463 650 994 1699 1783 
32 355 464 651 995 1700 1784 
33 356 465 652 996 1701 1785 
34 357 466 653 997 1702 1786 
35 358 467 654 998 1703 1787 
36 359 468 655 999 1704 1788 
37 360 469 656 1000 1705 1789 
38 361 470 657 1001 1706 1790 
39 362 471 658 1002 1707 1791 
40 363 472 659 1003 1708 1792 
41 364 473 660 1004 1709 1793 
42 365 474 661 1005 1710 1794 
43 366 475 662 1006 1711 1795 
44 367 476 663 1007 1712 1796 
45 368 477 664 924 1713 1797 
46 369 478 665 925 1714 1798 
47 370 479 666 926 1715 1799 
48 371 480 667 927 1716 1800 
49 372 481 668 928 1717 1801 
50 373 482 669 929 1718 1802 
51 374 483 670 930 1719 1803 
52 375 484 671 931 1720 1804 
53 376 485 588 932 1721 1805 
54 377 486 589 933 1722 1806 
55 378 487 590 934 1723 1807 
56 379 488 591 935 1724 1808 
57 380 489 592 936 1725 1809 
58 381 490 593 937 1726 1810 
59 382 491 594 938 1727 1811 
60 383 492 595 939 1728 1812 
61 384 493 596 940 1729 1813 
62 385 494 597 941 1730 1814 
63 386 495 598 942 1731 1815 
64 387 496 599 943 1732 1816 
65 388 497 600 944 1733 1817 
66 389 498 601 945 1734 1818 
67 390 499 602 946 1735 1819 
68 391 500 603 947 1736 1820 
69 392 501 604 948 1737 1821 
70 393 502 605 949 1738 1822 
71 394 503 606 950 1739 1823 
72 395 420 607 951 1740 1824 
73 396 421 608 952 1741 1825 
74 397 422 609 953 1742 1826 
75 398 423 610 954 1743 1827 
76 399 424 611 955 1744 1828 
77 400 425 612 956 1745 1829 
78 401 426 613 957 1746 1830 
79 402 427 614 958 1747 1831 
80 403 428 615 959 1748 1832 
81 404 429 616 960 1749 1833 
82 405 430 617 961 1750 1834 
83 406 431 618 962 1751 1835 
0 407 432 619 963 1752 1836 
1 408 433 620 964 1753 1837 
2 409 434 621 965 1754 1838 
3 410 435 622 966 1755 1839 
4 411 436 623 967 1756 1840 
5 412 437 624 968 1757 1841 
6 413 438 625 969 1758 1842 
7 414 439 626 970 1759 1843 
8 415 440 627 971 1760 1844 
9 416 441 628 972 1761 1845 
10 417 442 629 973 1762 1846 
11 418 443 630 974 1763 1847 

