94 249 759 875 1063 1144 
95 250 760 876 1064 1145 
96 251 761 877 1065 1146 
97 252 762 878 1066 1147 
98 253 763 879 1067 1148 
99 254 764 792 1068 1149 
100 255 765 793 1069 1150 
101 256 766 794 1070 1151 
102 257 767 795 1071 1152 
103 258 768 796 1072 1153 
104 259 769 797 1073 1154 
105 260 770 798 1074 1155 
106 261 771 799 1075 1156 
107 262 772 800 1076 1157 
108 263 773 801 1077 1158 
109 176 774 802 1078 1159 
110 177 775 803 1079 1160 
111 178 776 804 1080 1161 
112 179 777 805 1081 1162 
113 180 778 806 1082 1163 
114 181 779 807 1083 1164 
115 182 780 808 1084 1165 
116 183 781 809 1085 1166 
117 184 782 810 1086 1167 
118 185 783 811 1087 1168 
119 186 784 812 1088 1169 
120 187 785 813 1089 1170 
121 188 786 814 1090 1171 
122 189 787 815 1091 1172 
123 190 788 816 1092 1173 
124 191 789 817 1093 1174 
125 192 790 818 1094 1175 
126 193 791 819 1095 1176 
127 194 704 820 1096 1177 
128 195 705 821 1097 1178 
129 196 706 822 1098 1179 
130 197 707 823 1099 1180 
131 198 708 824 1100 1181 
132 199 709 825 1101 1182 
133 200 710 826 1102 1183 
134 201 711 827 1103 1184 
135 202 712 828 1104 1185 
136 203 713 829 1105 1186 
137 204 714 830 1106 1187 
138 205 715 831 1107 1188 
139 206 716 832 1108 1189 
140 207 717 833 1109 1190 
141 208 718 834 1110 1191 
142 209 719 835 1111 1192 
143 210 720 836 1112 1193 
144 211 721 837 1113 1194 
145 212 722 838 1114 1195 
146 213 723 839 1115 1196 
147 214 724 840 1116 1197 
148 215 725 841 1117 1198 
149 216 726 842 1118 1199 
150 217 727 843 1119 1200 
151 218 728 844 1120 1201 
152 219 729 845 1121 1202 
153 220 730 846 1122 1203 
154 221 731 847 1123 1204 
155 222 732 848 1124 1205 
156 223 733 849 1125 1206 
157 224 734 850 1126 1207 
158 225 735 851 1127 1208 
159 226 736 852 1128 1209 
160 227 737 853 1129 1210 
161 228 738 854 1130 1211 
162 229 739 855 1131 1212 
163 230 740 856 1132 1213 
164 231 741 857 1133 1214 
165 232 742 858 1134 1215 
166 233 743 859 1135 1216 
167 234 744 860 1136 1217 
168 235 745 861 1137 1218 
169 236 746 862 1138 1219 
170 237 747 863 1139 1220 
171 238 748 864 1140 1221 
172 239 749 865 1141 1222 
173 240 750 866 1142 1223 
174 241 751 867 1143 1224 
175 242 752 868 1056 1225 
88 243 753 869 1057 1226 
89 244 754 870 1058 1227 
90 245 755 871 1059 1228 
91 246 756 872 1060 1229 
92 247 757 873 1061 1230 
93 248 758 874 1062 1231 
61 223 769 817 1320 1408 
62 224 770 818 1321 1409 
63 225 771 819 1322 1410 
64 226 772 820 1323 1411 
65 227 773 821 1324 1412 
66 228 774 822 1325 1413 
67 229 775 823 1326 1414 
68 230 776 824 1327 1415 
69 231 777 825 1328 1416 
70 232 778 826 1329 1417 
71 233 779 827 1330 1418 
72 234 780 828 1331 1419 
73 235 781 829 1332 1420 
74 236 782 830 1333 1421 
75 237 783 831 1334 1422 
76 238 784 832 1335 1423 
77 239 785 833 1336 1424 
78 240 786 834 1337 1425 
79 241 787 835 1338 1426 
80 242 788 836 1339 1427 
81 243 789 837 1340 1428 
82 244 790 838 1341 1429 
83 245 791 839 1342 1430 
84 246 704 840 1343 1431 
85 247 705 841 1344 1432 
86 248 706 842 1345 1433 
87 249 707 843 1346 1434 
0 250 708 844 1347 1435 
1 251 709 845 1348 1436 
2 252 710 846 1349 1437 
3 253 711 847 1350 1438 
4 254 712 848 1351 1439 
5 255 713 849 1352 1440 
6 256 714 850 1353 1441 
7 257 715 851 1354 1442 
8 258 716 852 1355 1443 
9 259 717 853 1356 1444 
10 260 718 854 1357 1445 
11 261 719 855 1358 1446 
12 262 720 856 1359 1447 
13 263 721 857 1360 1448 
14 176 722 858 1361 1449 
15 177 723 859 1362 1450 
16 178 724 860 1363 1451 
17 179 725 861 1364 1452 
18 180 726 862 1365 1453 
19 181 727 863 1366 1454 
20 182 728 864 1367 1455 
21 183 729 865 1368 1456 
22 184 730 866 1369 1457 
23 185 731 867 1370 1458 
24 186 732 868 1371 1459 
25 187 733 869 1372 1460 
26 188 734 870 1373 1461 
27 189 735 871 1374 1462 
28 190 736 872 1375 1463 
29 191 737 873 1376 1464 
30 192 738 874 1377 1465 
31 193 739 875 1378 1466 
32 194 740 876 1379 1467 
33 195 741 877 1380 1468 
34 196 742 878 1381 1469 
35 197 743 879 1382 1470 
36 198 744 792 1383 1471 
37 199 745 793 1384 1472 
38 200 746 794 1385 1473 
39 201 747 795 1386 1474 
40 202 748 796 1387 1475 
41 203 749 797 1388 1476 
42 204 750 798 1389 1477 
43 205 751 799 1390 1478 
44 206 752 800 1391 1479 
45 207 753 801 1392 1480 
46 208 754 802 1393 1481 
47 209 755 803 1394 1482 
48 210 756 804 1395 1483 
49 211 757 805 1396 1484 
50 212 758 806 1397 1485 
51 213 759 807 1398 1486 
52 214 760 808 1399 1487 
53 215 761 809 1400 1488 
54 216 762 810 1401 1489 
55 217 763 811 1402 1490 
56 218 764 812 1403 1491 
57 219 765 813 1404 1492 
58 220 766 814 1405 1493 
59 221 767 815 1406 1494 
60 222 768 816 1407 1495 
215 612 833 952 1408 1496 
216 613 834 953 1409 1497 
217 614 835 954 1410 1498 
218 615 836 955 1411 1499 
219 528 837 956 1412 1500 
220 529 838 957 1413 1501 
221 530 839 958 1414 1502 
222 531 840 959 1415 1503 
223 532 841 960 1416 1504 
224 533 842 961 1417 1505 
225 534 843 962 1418 1506 
226 535 844 963 1419 1507 
227 536 845 964 1420 1508 
228 537 846 965 1421 1509 
229 538 847 966 1422 1510 
230 539 848 967 1423 1511 
231 540 849 880 1424 1512 
232 541 850 881 1425 1513 
233 542 851 882 1426 1514 
234 543 852 883 1427 1515 
235 544 853 884 1428 1516 
236 545 854 885 1429 1517 
237 546 855 886 1430 1518 
238 547 856 887 1431 1519 
239 548 857 888 1432 1520 
240 549 858 889 1433 1521 
241 550 859 890 1434 1522 
242 551 860 891 1435 1523 
243 552 861 892 1436 1524 
244 553 862 893 1437 1525 
245 554 863 894 1438 1526 
246 555 864 895 1439 1527 
247 556 865 896 1440 1528 
248 557 866 897 1441 1529 
249 558 867 898 1442 1530 
250 559 868 899 1443 1531 
251 560 869 900 1444 1532 
252 561 870 901 1445 1533 
253 562 871 902 1446 1534 
254 563 872 903 1447 1535 
255 564 873 904 1448 1536 
256 565 874 905 1449 1537 
257 566 875 906 1450 1538 
258 567 876 907 1451 1539 
259 568 877 908 1452 1540 
260 569 878 909 1453 1541 
261 570 879 910 1454 1542 
262 571 792 911 1455 1543 
263 572 793 912 1456 1544 
176 573 794 913 1457 1545 
177 574 795 914 1458 1546 
178 575 796 915 1459 1547 
179 576 797 916 1460 1548 
180 577 798 917 1461 1549 
181 578 799 918 1462 1550 
182 579 800 919 1463 1551 
183 580 801 920 1464 1552 
184 581 802 921 1465 1553 
185 582 803 922 1466 1554 
186 583 804 923 1467 1555 
187 584 805 924 1468 1556 
188 585 806 925 1469 1557 
189 586 807 926 1470 1558 
190 587 808 927 1471 1559 
191 588 809 928 1472 1560 
192 589 810 929 1473 1561 
193 590 811 930 1474 1562 
194 591 812 931 1475 1563 
195 592 813 932 1476 1564 
196 593 814 933 1477 1565 
197 594 815 934 1478 1566 
198 595 816 935 1479 1567 
199 596 817 936 1480 1568 
200 597 818 937 1481 1569 
201 598 819 938 1482 1570 
202 599 820 939 1483 1571 
203 600 821 940 1484 1572 
204 601 822 941 1485 1573 
205 602 823 942 1486 1574 
206 603 824 943 1487 1575 
207 604 825 944 1488 1576 
208 605 826 945 1489 1577 
209 606 827 946 1490 1578 
210 607 828 947 1491 1579 
211 608 829 948 1492 1580 
212 609 830 949 1493 1581 
213 610 831 950 1494 1582 
214 611 832 951 1495 1583 
183 317 806 898 1584 1672 
184 318 807 899 1585 1673 
185 319 808 900 1586 1674 
186 320 809 901 1587 1675 
187 321 810 902 1588 1676 
188 322 811 903 1589 1677 
189 323 812 904 1590 1678 
190 324 813 905 1591 1679 
191 325 814 906 1592 1680 
192 326 815 907 1593 1681 
193 327 816 908 1594 1682 
194 328 817 909 1595 1683 
195 329 818 910 1596 1684 
196 330 819 911 1597 1685 
197 331 820 912 1598 1686 
198 332 821 913 1599 1687 
199 333 822 914 1600 1688 
200 334 823 915 1601 1689 
201 335 824 916 1602 1690 
202 336 825 917 1603 1691 
203 337 826 918 1604 1692 
204 338 827 919 1605 1693 
205 339 828 920 1606 1694 
206 340 829 921 1607 1695 
207 341 830 922 1608 1696 
208 342 831 923 1609 1697 
209 343 832 924 1610 1698 
210 344 833 925 1611 1699 
211 345 834 926 1612 1700 
212 346 835 927 1613 1701 
213 347 836 928 1614 1702 
214 348 837 929 1615 1703 
215 349 838 930 1616 1704 
216 350 839 931 1617 1705 
217 351 840 932 1618 1706 
218 264 841 933 1619 1707 
219 265 842 934 1620 1708 
220 266 843 935 1621 1709 
221 267 844 936 1622 1710 
222 268 845 937 1623 1711 
223 269 846 938 1624 1712 
224 270 847 939 1625 1713 
225 271 848 940 1626 1714 
226 272 849 941 1627 1715 
227 273 850 942 1628 1716 
228 274 851 943 1629 1717 
229 275 852 944 1630 1718 
230 276 853 945 1631 1719 
231 277 854 946 1632 1720 
232 278 855 947 1633 1721 
233 279 856 948 1634 1722 
234 280 857 949 1635 1723 
235 281 858 950 1636 1724 
236 282 859 951 1637 1725 
237 283 860 952 1638 1726 
238 284 861 953 1639 1727 
239 285 862 954 1640 1728 
240 286 863 955 1641 1729 
241 287 864 956 1642 1730 
242 288 865 957 1643 1731 
243 289 866 958 1644 1732 
244 290 867 959 1645 1733 
245 291 868 960 1646 1734 
246 292 869 961 1647 1735 
247 293 870 962 1648 1736 
248 294 871 963 1649 1737 
249 295 872 964 1650 1738 
250 296 873 965 1651 1739 
251 297 874 966 1652 1740 
252 298 875 967 1653 1741 
253 299 876 880 1654 1742 
254 300 877 881 1655 1743 
255 301 878 882 1656 1744 
256 302 879 883 1657 1745 
257 303 792 884 1658 1746 
258 304 793 885 1659 1747 
259 305 794 886 1660 1748 
260 306 795 887 1661 1749 
261 307 796 888 1662 1750 
262 308 797 889 1663 1751 
263 309 798 890 1664 1752 
176 310 799 891 1665 1753 
177 311 800 892 1666 1754 
178 312 801 893 1667 1755 
179 313 802 894 1668 1756 
180 314 803 895 1669 1757 
181 315 804 896 1670 1758 
182 316 805 897 1671 1759 
99 249 530 839 1672 1760 
100 250 531 840 1673 1761 
101 251 532 841 1674 1762 
102 252 533 842 1675 1763 
103 253 534 843 1676 1764 
104 254 535 844 1677 1765 
105 255 536 845 1678 1766 
106 256 537 846 1679 1767 
107 257 538 847 1680 1768 
108 258 539 848 1681 1769 
109 259 540 849 1682 1770 
110 260 541 850 1683 1771 
111 261 542 851 1684 1772 
112 262 543 852 1685 1773 
113 263 544 853 1686 1774 
114 176 545 854 1687 1775 
115 177 546 855 1688 1776 
116 178 547 856 1689 1777 
117 179 548 857 1690 1778 
118 180 549 858 1691 1779 
119 181 550 859 1692 1780 
120 182 551 860 1693 1781 
121 183 552 861 1694 1782 
122 184 553 862 1695 1783 
123 185 554 863 1696 1784 
124 186 555 864 1697 1785 
125 187 556 865 1698 1786 
126 188 557 866 1699 1787 
127 189 558 867 1700 1788 
128 190 559 868 1701 1789 
129 191 560 869 1702 1790 
130 192 561 870 1703 1791 
131 193 562 871 1704 1792 
132 194 563 872 1705 1793 
133 195 564 873 1706 1794 
134 196 565 874 1707 1795 
135 197 566 875 1708 1796 
136 198 567 876 1709 1797 
137 199 568 877 1710 1798 
138 200 569 878 1711 1799 
139 201 570 879 1712 1800 
140 202 571 792 1713 1801 
141 203 572 793 1714 1802 
142 204 573 794 1715 1803 
143 205 574 795 1716 1804 
144 206 575 796 1717 1805 
145 207 576 797 1718 1806 
146 208 577 798 1719 1807 
147 209 578 799 1720 1808 
148 210 579 800 1721 1809 
149 211 580 801 1722 1810 
150 212 581 802 1723 1811 
151 213 582 803 1724 1812 
152 214 583 804 1725 1813 
153 215 584 805 1726 1814 
154 216 585 806 1727 1815 
155 217 586 807 1728 1816 
156 218 587 808 1729 1817 
157 219 588 809 1730 1818 
158 220 589 810 1731 1819 
159 221 590 811 1732 1820 
160 222 591 812 1733 1821 
161 223 592 813 1734 1822 
162 224 593 814 1735 1823 
163 225 594 815 1736 1824 
164 226 595 816 1737 1825 
165 227 596 817 1738 1826 
166 228 597 818 1739 1827 
167 229 598 819 1740 1828 
168 230 599 820 1741 1829 
169 231 600 821 1742 1830 
170 232 601 822 1743 1831 
171 233 602 823 1744 1832 
172 234 603 824 1745 1833 
173 235 604 825 1746 1834 
174 236 605 826 1747 1835 
175 237 606 827 1748 1836 
88 238 607 828 1749 1837 
89 239 608 829 1750 1838 
90 240 609 830 1751 1839 
91 241 610 831 1752 1840 
92 242 611 832 1753 1841 
93 243 612 833 1754 1842 
94 244 613 834 1755 1843 
95 245 614 835 1756 1844 
96 246 615 836 1757 1845 
97 247 528 837 1758 1846 
98 248 529 838 1759 1847 
446 675 950 1040 1848 1936 
447 676 951 1041 1849 1937 
448 677 952 1042 1850 1938 
449 678 953 1043 1851 1939 
450 679 954 1044 1852 1940 
451 680 955 1045 1853 1941 
452 681 956 1046 1854 1942 
453 682 957 1047 1855 1943 
454 683 958 1048 1856 1944 
455 684 959 1049 1857 1945 
456 685 960 1050 1858 1946 
457 686 961 1051 1859 1947 
458 687 962 1052 1860 1948 
459 688 963 1053 1861 1949 
460 689 964 1054 1862 1950 
461 690 965 1055 1863 1951 
462 691 966 968 1864 1952 
463 692 967 969 1865 1953 
464 693 880 970 1866 1954 
465 694 881 971 1867 1955 
466 695 882 972 1868 1956 
467 696 883 973 1869 1957 
468 697 884 974 1870 1958 
469 698 885 975 1871 1959 
470 699 886 976 1872 1960 
471 700 887 977 1873 1961 
472 701 888 978 1874 1962 
473 702 889 979 1875 1963 
474 703 890 980 1876 1964 
475 616 891 981 1877 1965 
476 617 892 982 1878 1966 
477 618 893 983 1879 1967 
478 619 894 984 1880 1968 
479 620 895 985 1881 1969 
480 621 896 986 1882 1970 
481 622 897 987 1883 1971 
482 623 898 988 1884 1972 
483 624 899 989 1885 1973 
484 625 900 990 1886 1974 
485 626 901 991 1887 1975 
486 627 902 992 1888 1976 
487 628 903 993 1889 1977 
488 629 904 994 1890 1978 
489 630 905 995 1891 1979 
490 631 906 996 1892 1980 
491 632 907 997 1893 1981 
492 633 908 998 1894 1982 
493 634 909 999 1895 1983 
494 635 910 1000 1896 1984 
495 636 911 1001 1897 1985 
496 637 912 1002 1898 1986 
497 638 913 1003 1899 1987 
498 639 914 1004 1900 1988 
499 640 915 1005 1901 1989 
500 641 916 1006 1902 1990 
501 642 917 1007 1903 1991 
502 643 918 1008 1904 1992 
503 644 919 1009 1905 1993 
504 645 920 1010 1906 1994 
505 646 921 1011 1907 1995 
506 647 922 1012 1908 1996 
507 648 923 1013 1909 1997 
508 649 924 1014 1910 1998 
509 650 925 1015 1911 1999 
510 651 926 1016 1912 2000 
511 652 927 1017 1913 2001 
512 653 928 1018 1914 2002 
513 654 929 1019 1915 2003 
514 655 930 1020 1916 2004 
515 656 931 1021 1917 2005 
516 657 932 1022 1918 2006 
517 658 933 1023 1919 2007 
518 659 934 1024 1920 2008 
519 660 935 1025 1921 2009 
520 661 936 1026 1922 2010 
521 662 937 1027 1923 2011 
522 663 938 1028 1924 2012 
523 664 939 1029 1925 2013 
524 665 940 1030 1926 2014 
525 666 941 1031 1927 2015 
526 667 942 1032 1928 2016 
527 668 943 1033 1929 2017 
440 669 944 1034 1930 2018 
441 670 945 1035 1931 2019 
442 671 946 1036 1932 2020 
443 672 947 1037 1933 2021 
444 673 948 1038 1934 2022 
445 674 949 1039 1935 2023 
183 329 743 841 1936 2024 
184 330 744 842 1937 2025 
185 331 745 843 1938 2026 
186 332 746 844 1939 2027 
187 333 747 845 1940 2028 
188 334 748 846 1941 2029 
189 335 749 847 1942 2030 
190 336 750 848 1943 2031 
191 337 751 849 1944 2032 
192 338 752 850 1945 2033 
193 339 753 851 1946 2034 
194 340 754 852 1947 2035 
195 341 755 853 1948 2036 
196 342 756 854 1949 2037 
197 343 757 855 1950 2038 
198 344 758 856 1951 2039 
199 345 759 857 1952 2040 
200 346 760 858 1953 2041 
201 347 761 859 1954 2042 
202 348 762 860 1955 2043 
203 349 763 861 1956 2044 
204 350 764 862 1957 2045 
205 351 765 863 1958 2046 
206 264 766 864 1959 2047 
207 265 767 865 1960 2048 
208 266 768 866 1961 2049 
209 267 769 867 1962 2050 
210 268 770 868 1963 2051 
211 269 771 869 1964 2052 
212 270 772 870 1965 2053 
213 271 773 871 1966 2054 
214 272 774 872 1967 2055 
215 273 775 873 1968 2056 
216 274 776 874 1969 2057 
217 275 777 875 1970 2058 
218 276 778 876 1971 2059 
219 277 779 877 1972 2060 
220 278 780 878 1973 2061 
221 279 781 879 1974 2062 
222 280 782 792 1975 2063 
223 281 783 793 1976 2064 
224 282 784 794 1977 2065 
225 283 785 795 1978 2066 
226 284 786 796 1979 2067 
227 285 787 797 1980 2068 
228 286 788 798 1981 2069 
229 287 789 799 1982 2070 
230 288 790 800 1983 2071 
231 289 791 801 1984 2072 
232 290 704 802 1985 2073 
233 291 705 803 1986 2074 
234 292 706 804 1987 2075 
235 293 707 805 1988 2076 
236 294 708 806 1989 2077 
237 295 709 807 1990 2078 
238 296 710 808 1991 2079 
239 297 711 809 1992 2080 
240 298 712 810 1993 2081 
241 299 713 811 1994 2082 
242 300 714 812 1995 2083 
243 301 715 813 1996 2084 
244 302 716 814 1997 2085 
245 303 717 815 1998 2086 
246 304 718 816 1999 2087 
247 305 719 817 2000 2088 
248 306 720 818 2001 2089 
249 307 721 819 2002 2090 
250 308 722 820 2003 2091 
251 309 723 821 2004 2092 
252 310 724 822 2005 2093 
253 311 725 823 2006 2094 
254 312 726 824 2007 2095 
255 313 727 825 2008 2096 
256 314 728 826 2009 2097 
257 315 729 827 2010 2098 
258 316 730 828 2011 2099 
259 317 731 829 2012 2100 
260 318 732 830 2013 2101 
261 319 733 831 2014 2102 
262 320 734 832 2015 2103 
263 321 735 833 2016 2104 
176 322 736 834 2017 2105 
177 323 737 835 2018 2106 
178 324 738 836 2019 2107 
179 325 739 837 2020 2108 
180 326 740 838 2021 2109 
181 327 741 839 2022 2110 
182 328 742 840 2023 2111 
43 506 657 994 1063 2024 
44 507 658 995 1064 2025 
45 508 659 996 1065 2026 
46 509 660 997 1066 2027 
47 510 661 998 1067 2028 
48 511 662 999 1068 2029 
49 512 663 1000 1069 2030 
50 513 664 1001 1070 2031 
51 514 665 1002 1071 2032 
52 515 666 1003 1072 2033 
53 516 667 1004 1073 2034 
54 517 668 1005 1074 2035 
55 518 669 1006 1075 2036 
56 519 670 1007 1076 2037 
57 520 671 1008 1077 2038 
58 521 672 1009 1078 2039 
59 522 673 1010 1079 2040 
60 523 674 1011 1080 2041 
61 524 675 1012 1081 2042 
62 525 676 1013 1082 2043 
63 526 677 1014 1083 2044 
64 527 678 1015 1084 2045 
65 440 679 1016 1085 2046 
66 441 680 1017 1086 2047 
67 442 681 1018 1087 2048 
68 443 682 1019 1088 2049 
69 444 683 1020 1089 2050 
70 445 684 1021 1090 2051 
71 446 685 1022 1091 2052 
72 447 686 1023 1092 2053 
73 448 687 1024 1093 2054 
74 449 688 1025 1094 2055 
75 450 689 1026 1095 2056 
76 451 690 1027 1096 2057 
77 452 691 1028 1097 2058 
78 453 692 1029 1098 2059 
79 454 693 1030 1099 2060 
80 455 694 1031 1100 2061 
81 456 695 1032 1101 2062 
82 457 696 1033 1102 2063 
83 458 697 1034 1103 2064 
84 459 698 1035 1104 2065 
85 460 699 1036 1105 2066 
86 461 700 1037 1106 2067 
87 462 701 1038 1107 2068 
0 463 702 1039 1108 2069 
1 464 703 1040 1109 2070 
2 465 616 1041 1110 2071 
3 466 617 1042 1111 2072 
4 467 618 1043 1112 2073 
5 468 619 1044 1113 2074 
6 469 620 1045 1114 2075 
7 470 621 1046 1115 2076 
8 471 622 1047 1116 2077 
9 472 623 1048 1117 2078 
10 473 624 1049 1118 2079 
11 474 625 1050 1119 2080 
12 475 626 1051 1120 2081 
13 476 627 1052 1121 2082 
14 477 628 1053 1122 2083 
15 478 629 1054 1123 2084 
16 479 630 1055 1124 2085 
17 480 631 968 1125 2086 
18 481 632 969 1126 2087 
19 482 633 970 1127 2088 
20 483 634 971 1128 2089 
21 484 635 972 1129 2090 
22 485 636 973 1130 2091 
23 486 637 974 1131 2092 
24 487 638 975 1132 2093 
25 488 639 976 1133 2094 
26 489 640 977 1134 2095 
27 490 641 978 1135 2096 
28 491 642 979 1136 2097 
29 492 643 980 1137 2098 
30 493 644 981 1138 2099 
31 494 645 982 1139 2100 
32 495 646 983 1140 2101 
33 496 647 984 1141 2102 
34 497 648 985 1142 2103 
35 498 649 986 1143 2104 
36 499 650 987 1056 2105 
37 500 651 988 1057 2106 
38 501 652 989 1058 2107 
39 502 653 990 1059 2108 
40 503 654 991 1060 2109 
41 504 655 992 1061 2110 
42 505 656 993 1062 2111 
115 462 607 625 980 1144 1232 
116 463 608 626 981 1145 1233 
117 464 609 627 982 1146 1234 
118 465 610 628 983 1147 1235 
119 466 611 629 984 1148 1236 
120 467 612 630 985 1149 1237 
121 468 613 631 986 1150 1238 
122 469 614 632 987 1151 1239 
123 470 615 633 988 1152 1240 
124 471 528 634 989 1153 1241 
125 472 529 635 990 1154 1242 
126 473 530 636 991 1155 1243 
127 474 531 637 992 1156 1244 
128 475 532 638 993 1157 1245 
129 476 533 639 994 1158 1246 
130 477 534 640 995 1159 1247 
131 478 535 641 996 1160 1248 
132 479 536 642 997 1161 1249 
133 480 537 643 998 1162 1250 
134 481 538 644 999 1163 1251 
135 482 539 645 1000 1164 1252 
136 483 540 646 1001 1165 1253 
137 484 541 647 1002 1166 1254 
138 485 542 648 1003 1167 1255 
139 486 543 649 1004 1168 1256 
140 487 544 650 1005 1169 1257 
141 488 545 651 1006 1170 1258 
142 489 546 652 1007 1171 1259 
143 490 547 653 1008 1172 1260 
144 491 548 654 1009 1173 1261 
145 492 549 655 1010 1174 1262 
146 493 550 656 1011 1175 1263 
147 494 551 657 1012 1176 1264 
148 495 552 658 1013 1177 1265 
149 496 553 659 1014 1178 1266 
150 497 554 660 1015 1179 1267 
151 498 555 661 1016 1180 1268 
152 499 556 662 1017 1181 1269 
153 500 557 663 1018 1182 1270 
154 501 558 664 1019 1183 1271 
155 502 559 665 1020 1184 1272 
156 503 560 666 1021 1185 1273 
157 504 561 667 1022 1186 1274 
158 505 562 668 1023 1187 1275 
159 506 563 669 1024 1188 1276 
160 507 564 670 1025 1189 1277 
161 508 565 671 1026 1190 1278 
162 509 566 672 1027 1191 1279 
163 510 567 673 1028 1192 1280 
164 511 568 674 1029 1193 1281 
165 512 569 675 1030 1194 1282 
166 513 570 676 1031 1195 1283 
167 514 571 677 1032 1196 1284 
168 515 572 678 1033 1197 1285 
169 516 573 679 1034 1198 1286 
170 517 574 680 1035 1199 1287 
171 518 575 681 1036 1200 1288 
172 519 576 682 1037 1201 1289 
173 520 577 683 1038 1202 1290 
174 521 578 684 1039 1203 1291 
175 522 579 685 1040 1204 1292 
88 523 580 686 1041 1205 1293 
89 524 581 687 1042 1206 1294 
90 525 582 688 1043 1207 1295 
91 526 583 689 1044 1208 1296 
92 527 584 690 1045 1209 1297 
93 440 585 691 1046 1210 1298 
94 441 586 692 1047 1211 1299 
95 442 587 693 1048 1212 1300 
96 443 588 694 1049 1213 1301 
97 444 589 695 1050 1214 1302 
98 445 590 696 1051 1215 1303 
99 446 591 697 1052 1216 1304 
100 447 592 698 1053 1217 1305 
101 448 593 699 1054 1218 1306 
102 449 594 700 1055 1219 1307 
103 450 595 701 968 1220 1308 
104 451 596 702 969 1221 1309 
105 452 597 703 970 1222 1310 
106 453 598 616 971 1223 1311 
107 454 599 617 972 1224 1312 
108 455 600 618 973 1225 1313 
109 456 601 619 974 1226 1314 
110 457 602 620 975 1227 1315 
111 458 603 621 976 1228 1316 
112 459 604 622 977 1229 1317 
113 460 605 623 978 1230 1318 
114 461 606 624 979 1231 1319 
288 374 521 649 968 1232 1320 
289 375 522 650 969 1233 1321 
290 376 523 651 970 1234 1322 
291 377 524 652 971 1235 1323 
292 378 525 653 972 1236 1324 
293 379 526 654 973 1237 1325 
294 380 527 655 974 1238 1326 
295 381 440 656 975 1239 1327 
296 382 441 657 976 1240 1328 
297 383 442 658 977 1241 1329 
298 384 443 659 978 1242 1330 
299 385 444 660 979 1243 1331 
300 386 445 661 980 1244 1332 
301 387 446 662 981 1245 1333 
302 388 447 663 982 1246 1334 
303 389 448 664 983 1247 1335 
304 390 449 665 984 1248 1336 
305 391 450 666 985 1249 1337 
306 392 451 667 986 1250 1338 
307 393 452 668 987 1251 1339 
308 394 453 669 988 1252 1340 
309 395 454 670 989 1253 1341 
310 396 455 671 990 1254 1342 
311 397 456 672 991 1255 1343 
312 398 457 673 992 1256 1344 
313 399 458 674 993 1257 1345 
314 400 459 675 994 1258 1346 
315 401 460 676 995 1259 1347 
316 402 461 677 996 1260 1348 
317 403 462 678 997 1261 1349 
318 404 463 679 998 1262 1350 
319 405 464 680 999 1263 1351 
320 406 465 681 1000 1264 1352 
321 407 466 682 1001 1265 1353 
322 408 467 683 1002 1266 1354 
323 409 468 684 1003 1267 1355 
324 410 469 685 1004 1268 1356 
325 411 470 686 1005 1269 1357 
326 412 471 687 1006 1270 1358 
327 413 472 688 1007 1271 1359 
328 414 473 689 1008 1272 1360 
329 415 474 690 1009 1273 1361 
330 416 475 691 1010 1274 1362 
331 417 476 692 1011 1275 1363 
332 418 477 693 1012 1276 1364 
333 419 478 694 1013 1277 1365 
334 420 479 695 1014 1278 1366 
335 421 480 696 1015 1279 1367 
336 422 481 697 1016 1280 1368 
337 423 482 698 1017 1281 1369 
338 424 483 699 1018 1282 1370 
339 425 484 700 1019 1283 1371 
340 426 485 701 1020 1284 1372 
341 427 486 702 1021 1285 1373 
342 428 487 703 1022 1286 1374 
343 429 488 616 1023 1287 1375 
344 430 489 617 1024 1288 1376 
345 431 490 618 1025 1289 1377 
346 432 491 619 1026 1290 1378 
347 433 492 620 1027 1291 1379 
348 434 493 621 1028 1292 1380 
349 435 494 622 1029 1293 1381 
350 436 495 623 1030 1294 1382 
351 437 496 624 1031 1295 1383 
264 438 497 625 1032 1296 1384 
265 439 498 626 1033 1297 1385 
266 352 499 627 1034 1298 1386 
267 353 500 628 1035 1299 1387 
268 354 501 629 1036 1300 1388 
269 355 502 630 1037 1301 1389 
270 356 503 631 1038 1302 1390 
271 357 504 632 1039 1303 1391 
272 358 505 633 1040 1304 1392 
273 359 506 634 1041 1305 1393 
274 360 507 635 1042 1306 1394 
275 361 508 636 1043 1307 1395 
276 362 509 637 1044 1308 1396 
277 363 510 638 1045 1309 1397 
278 364 511 639 1046 1310 1398 
279 365 512 640 1047 1311 1399 
280 366 513 641 1048 1312 1400 
281 367 514 642 1049 1313 1401 
282 368 515 643 1050 1314 1402 
283 369 516 644 1051 1315 1403 
284 370 517 645 1052 1316 1404 
285 371 518 646 1053 1317 1405 
286 372 519 647 1054 1318 1406 
287 373 520 648 1055 1319 1407 
398 480 698 1047 1056 1496 1584 
399 481 699 1048 1057 1497 1585 
400 482 700 1049 1058 1498 1586 
401 483 701 1050 1059 1499 1587 
402 484 702 1051 1060 1500 1588 
403 485 703 1052 1061 1501 1589 
404 486 616 1053 1062 1502 1590 
405 487 617 1054 1063 1503 1591 
406 488 618 1055 1064 1504 1592 
407 489 619 968 1065 1505 1593 
408 490 620 969 1066 1506 1594 
409 491 621 970 1067 1507 1595 
410 492 622 971 1068 1508 1596 
411 493 623 972 1069 1509 1597 
412 494 624 973 1070 1510 1598 
413 495 625 974 1071 1511 1599 
414 496 626 975 1072 1512 1600 
415 497 627 976 1073 1513 1601 
416 498 628 977 1074 1514 1602 
417 499 629 978 1075 1515 1603 
418 500 630 979 1076 1516 1604 
419 501 631 980 1077 1517 1605 
420 502 632 981 1078 1518 1606 
421 503 633 982 1079 1519 1607 
422 504 634 983 1080 1520 1608 
423 505 635 984 1081 1521 1609 
424 506 636 985 1082 1522 1610 
425 507 637 986 1083 1523 1611 
426 508 638 987 1084 1524 1612 
427 509 639 988 1085 1525 1613 
428 510 640 989 1086 1526 1614 
429 511 641 990 1087 1527 1615 
430 512 642 991 1088 1528 1616 
431 513 643 992 1089 1529 1617 
432 514 644 993 1090 1530 1618 
433 515 645 994 1091 1531 1619 
434 516 646 995 1092 1532 1620 
435 517 647 996 1093 1533 1621 
436 518 648 997 1094 1534 1622 
437 519 649 998 1095 1535 1623 
438 520 650 999 1096 1536 1624 
439 521 651 1000 1097 1537 1625 
352 522 652 1001 1098 1538 1626 
353 523 653 1002 1099 1539 1627 
354 524 654 1003 1100 1540 1628 
355 525 655 1004 1101 1541 1629 
356 526 656 1005 1102 1542 1630 
357 527 657 1006 1103 1543 1631 
358 440 658 1007 1104 1544 1632 
359 441 659 1008 1105 1545 1633 
360 442 660 1009 1106 1546 1634 
361 443 661 1010 1107 1547 1635 
362 444 662 1011 1108 1548 1636 
363 445 663 1012 1109 1549 1637 
364 446 664 1013 1110 1550 1638 
365 447 665 1014 1111 1551 1639 
366 448 666 1015 1112 1552 1640 
367 449 667 1016 1113 1553 1641 
368 450 668 1017 1114 1554 1642 
369 451 669 1018 1115 1555 1643 
370 452 670 1019 1116 1556 1644 
371 453 671 1020 1117 1557 1645 
372 454 672 1021 1118 1558 1646 
373 455 673 1022 1119 1559 1647 
374 456 674 1023 1120 1560 1648 
375 457 675 1024 1121 1561 1649 
376 458 676 1025 1122 1562 1650 
377 459 677 1026 1123 1563 1651 
378 460 678 1027 1124 1564 1652 
379 461 679 1028 1125 1565 1653 
380 462 680 1029 1126 1566 1654 
381 463 681 1030 1127 1567 1655 
382 464 682 1031 1128 1568 1656 
383 465 683 1032 1129 1569 1657 
384 466 684 1033 1130 1570 1658 
385 467 685 1034 1131 1571 1659 
386 468 686 1035 1132 1572 1660 
387 469 687 1036 1133 1573 1661 
388 470 688 1037 1134 1574 1662 
389 471 689 1038 1135 1575 1663 
390 472 690 1039 1136 1576 1664 
391 473 691 1040 1137 1577 1665 
392 474 692 1041 1138 1578 1666 
393 475 693 1042 1139 1579 1667 
394 476 694 1043 1140 1580 1668 
395 477 695 1044 1141 1581 1669 
396 478 696 1045 1142 1582 1670 
397 479 697 1046 1143 1583 1671 
12 435 464 659 1019 1760 1848 
13 436 465 660 1020 1761 1849 
14 437 466 661 1021 1762 1850 
15 438 467 662 1022 1763 1851 
16 439 468 663 1023 1764 1852 
17 352 469 664 1024 1765 1853 
18 353 470 665 1025 1766 1854 
19 354 471 666 1026 1767 1855 
20 355 472 667 1027 1768 1856 
21 356 473 668 1028 1769 1857 
22 357 474 669 1029 1770 1858 
23 358 475 670 1030 1771 1859 
24 359 476 671 1031 1772 1860 
25 360 477 672 1032 1773 1861 
26 361 478 673 1033 1774 1862 
27 362 479 674 1034 1775 1863 
28 363 480 675 1035 1776 1864 
29 364 481 676 1036 1777 1865 
30 365 482 677 1037 1778 1866 
31 366 483 678 1038 1779 1867 
32 367 484 679 1039 1780 1868 
33 368 485 680 1040 1781 1869 
34 369 486 681 1041 1782 1870 
35 370 487 682 1042 1783 1871 
36 371 488 683 1043 1784 1872 
37 372 489 684 1044 1785 1873 
38 373 490 685 1045 1786 1874 
39 374 491 686 1046 1787 1875 
40 375 492 687 1047 1788 1876 
41 376 493 688 1048 1789 1877 
42 377 494 689 1049 1790 1878 
43 378 495 690 1050 1791 1879 
44 379 496 691 1051 1792 1880 
45 380 497 692 1052 1793 1881 
46 381 498 693 1053 1794 1882 
47 382 499 694 1054 1795 1883 
48 383 500 695 1055 1796 1884 
49 384 501 696 968 1797 1885 
50 385 502 697 969 1798 1886 
51 386 503 698 970 1799 1887 
52 387 504 699 971 1800 1888 
53 388 505 700 972 1801 1889 
54 389 506 701 973 1802 1890 
55 390 507 702 974 1803 1891 
56 391 508 703 975 1804 1892 
57 392 509 616 976 1805 1893 
58 393 510 617 977 1806 1894 
59 394 511 618 978 1807 1895 
60 395 512 619 979 1808 1896 
61 396 513 620 980 1809 1897 
62 397 514 621 981 1810 1898 
63 398 515 622 982 1811 1899 
64 399 516 623 983 1812 1900 
65 400 517 624 984 1813 1901 
66 401 518 625 985 1814 1902 
67 402 519 626 986 1815 1903 
68 403 520 627 987 1816 1904 
69 404 521 628 988 1817 1905 
70 405 522 629 989 1818 1906 
71 406 523 630 990 1819 1907 
72 407 524 631 991 1820 1908 
73 408 525 632 992 1821 1909 
74 409 526 633 993 1822 1910 
75 410 527 634 994 1823 1911 
76 411 440 635 995 1824 1912 
77 412 441 636 996 1825 1913 
78 413 442 637 997 1826 1914 
79 414 443 638 998 1827 1915 
80 415 444 639 999 1828 1916 
81 416 445 640 1000 1829 1917 
82 417 446 641 1001 1830 1918 
83 418 447 642 1002 1831 1919 
84 419 448 643 1003 1832 1920 
85 420 449 644 1004 1833 1921 
86 421 450 645 1005 1834 1922 
87 422 451 646 1006 1835 1923 
0 423 452 647 1007 1836 1924 
1 424 453 648 1008 1837 1925 
2 425 454 649 1009 1838 1926 
3 426 455 650 1010 1839 1927 
4 427 456 651 1011 1840 1928 
5 428 457 652 1012 1841 1929 
6 429 458 653 1013 1842 1930 
7 430 459 654 1014 1843 1931 
8 431 460 655 1015 1844 1932 
9 432 461 656 1016 1845 1933 
10 433 462 657 1017 1846 1934 
11 434 463 658 1018 1847 1935 

