1 113 231 399 444 619 788 800 966 1020 1138 1177 1237 1320 1444 1516 1588 1749 1840 1848 
2 114 232 400 445 620 789 801 967 1021 1139 1178 1238 1321 1445 1517 1589 1750 1841 1849 
3 115 233 401 446 621 790 802 880 1022 1140 1179 1239 1322 1446 1518 1590 1751 1842 1850 
4 116 234 402 447 622 791 803 881 1023 1141 1180 1240 1323 1447 1519 1591 1752 1843 1851 
5 117 235 403 448 623 704 804 882 1024 1142 1181 1241 1324 1448 1520 1592 1753 1844 1852 
6 118 236 404 449 624 705 805 883 1025 1143 1182 1242 1325 1449 1521 1593 1754 1845 1853 
7 119 237 405 450 625 706 806 884 1026 1056 1183 1243 1326 1450 1522 1594 1755 1846 1854 
8 120 238 406 451 626 707 807 885 1027 1057 1184 1244 1327 1451 1523 1595 1756 1847 1855 
9 121 239 407 452 627 708 808 886 1028 1058 1185 1245 1328 1452 1524 1596 1757 1760 1856 
10 122 240 408 453 628 709 809 887 1029 1059 1186 1246 1329 1453 1525 1597 1758 1761 1857 
11 123 241 409 454 629 710 810 888 1030 1060 1187 1247 1330 1454 1526 1598 1759 1762 1858 
12 124 242 410 455 630 711 811 889 1031 1061 1188 1248 1331 1455 1527 1599 1672 1763 1859 
13 125 243 411 456 631 712 812 890 1032 1062 1189 1249 1332 1456 1528 1600 1673 1764 1860 
14 126 244 412 457 632 713 813 891 1033 1063 1190 1250 1333 1457 1529 1601 1674 1765 1861 
15 127 245 413 458 633 714 814 892 1034 1064 1191 1251 1334 1458 1530 1602 1675 1766 1862 
16 128 246 414 459 634 715 815 893 1035 1065 1192 1252 1335 1459 1531 1603 1676 1767 1863 
17 129 247 415 460 635 716 816 894 1036 1066 1193 1253 1336 1460 1532 1604 1677 1768 1864 
18 130 248 416 461 636 717 817 895 1037 1067 1194 1254 1337 1461 1533 1605 1678 1769 1865 
19 131 249 417 462 637 718 818 896 1038 1068 1195 1255 1338 1462 1534 1606 1679 1770 1866 
20 132 250 418 463 638 719 819 897 1039 1069 1196 1256 1339 1463 1535 1607 1680 1771 1867 
21 133 251 419 464 639 720 820 898 1040 1070 1197 1257 1340 1464 1536 1608 1681 1772 1868 
22 134 252 420 465 640 721 821 899 1041 1071 1198 1258 1341 1465 1537 1609 1682 1773 1869 
23 135 253 421 466 641 722 822 900 1042 1072 1199 1259 1342 1466 1538 1610 1683 1774 1870 
24 136 254 422 467 642 723 823 901 1043 1073 1200 1260 1343 1467 1539 1611 1684 1775 1871 
25 137 255 423 468 643 724 824 902 1044 1074 1201 1261 1344 1468 1540 1612 1685 1776 1872 
26 138 256 424 469 644 725 825 903 1045 1075 1202 1262 1345 1469 1541 1613 1686 1777 1873 
27 139 257 425 470 645 726 826 904 1046 1076 1203 1263 1346 1470 1542 1614 1687 1778 1874 
28 140 258 426 471 646 727 827 905 1047 1077 1204 1264 1347 1471 1543 1615 1688 1779 1875 
29 141 259 427 472 647 728 828 906 1048 1078 1205 1265 1348 1472 1544 1616 1689 1780 1876 
30 142 260 428 473 648 729 829 907 1049 1079 1206 1266 1349 1473 1545 1617 1690 1781 1877 
31 143 261 429 474 649 730 830 908 1050 1080 1207 1267 1350 1474 1546 1618 1691 1782 1878 
32 144 262 430 475 650 731 831 909 1051 1081 1208 1268 1351 1475 1547 1619 1692 1783 1879 
33 145 263 431 476 651 732 832 910 1052 1082 1209 1269 1352 1476 1548 1620 1693 1784 1880 
34 146 176 432 477 652 733 833 911 1053 1083 1210 1270 1353 1477 1549 1621 1694 1785 1881 
35 147 177 433 478 653 734 834 912 1054 1084 1211 1271 1354 1478 1550 1622 1695 1786 1882 
36 148 178 434 479 654 735 835 913 1055 1085 1212 1272 1355 1479 1551 1623 1696 1787 1883 
37 149 179 435 480 655 736 836 914 968 1086 1213 1273 1356 1480 1552 1624 1697 1788 1884 
38 150 180 436 481 656 737 837 915 969 1087 1214 1274 1357 1481 1553 1625 1698 1789 1885 
39 151 181 437 482 657 738 838 916 970 1088 1215 1275 1358 1482 1554 1626 1699 1790 1886 
40 152 182 438 483 658 739 839 917 971 1089 1216 1276 1359 1483 1555 1627 1700 1791 1887 
41 153 183 439 484 659 740 840 918 972 1090 1217 1277 1360 1484 1556 1628 1701 1792 1888 
42 154 184 352 485 660 741 841 919 973 1091 1218 1278 1361 1485 1557 1629 1702 1793 1889 
43 155 185 353 486 661 742 842 920 974 1092 1219 1279 1362 1486 1558 1630 1703 1794 1890 
44 156 186 354 487 662 743 843 921 975 1093 1220 1280 1363 1487 1559 1631 1704 1795 1891 
45 157 187 355 488 663 744 844 922 976 1094 1221 1281 1364 1488 1560 1632 1705 1796 1892 
46 158 188 356 489 664 745 845 923 977 1095 1222 1282 1365 1489 1561 1633 1706 1797 1893 
47 159 189 357 490 665 746 846 924 978 1096 1223 1283 1366 1490 1562 1634 1707 1798 1894 
48 160 190 358 491 666 747 847 925 979 1097 1224 1284 1367 1491 1563 1635 1708 1799 1895 
49 161 191 359 492 667 748 848 926 980 1098 1225 1285 1368 1492 1564 1636 1709 1800 1896 
50 162 192 360 493 668 749 849 927 981 1099 1226 1286 1369 1493 1565 1637 1710 1801 1897 
51 163 193 361 494 669 750 850 928 982 1100 1227 1287 1370 1494 1566 1638 1711 1802 1898 
52 164 194 362 495 670 751 851 929 983 1101 1228 1288 1371 1495 1567 1639 1712 1803 1899 
53 165 195 363 496 671 752 852 930 984 1102 1229 1289 1372 1408 1568 1640 1713 1804 1900 
54 166 196 364 497 672 753 853 931 985 1103 1230 1290 1373 1409 1569 1641 1714 1805 1901 
55 167 197 365 498 673 754 854 932 986 1104 1231 1291 1374 1410 1570 1642 1715 1806 1902 
56 168 198 366 499 674 755 855 933 987 1105 1144 1292 1375 1411 1571 1643 1716 1807 1903 
57 169 199 367 500 675 756 856 934 988 1106 1145 1293 1376 1412 1572 1644 1717 1808 1904 
58 170 200 368 501 676 757 857 935 989 1107 1146 1294 1377 1413 1573 1645 1718 1809 1905 
59 171 201 369 502 677 758 858 936 990 1108 1147 1295 1378 1414 1574 1646 1719 1810 1906 
60 172 202 370 503 678 759 859 937 991 1109 1148 1296 1379 1415 1575 1647 1720 1811 1907 
61 173 203 371 504 679 760 860 938 992 1110 1149 1297 1380 1416 1576 1648 1721 1812 1908 
62 174 204 372 505 680 761 861 939 993 1111 1150 1298 1381 1417 1577 1649 1722 1813 1909 
63 175 205 373 506 681 762 862 940 994 1112 1151 1299 1382 1418 1578 1650 1723 1814 1910 
64 88 206 374 507 682 763 863 941 995 1113 1152 1300 1383 1419 1579 1651 1724 1815 1911 
65 89 207 375 508 683 764 864 942 996 1114 1153 1301 1384 1420 1580 1652 1725 1816 1912 
66 90 208 376 509 684 765 865 943 997 1115 1154 1302 1385 1421 1581 1653 1726 1817 1913 
67 91 209 377 510 685 766 866 944 998 1116 1155 1303 1386 1422 1582 1654 1727 1818 1914 
68 92 210 378 511 686 767 867 945 999 1117 1156 1304 1387 1423 1583 1655 1728 1819 1915 
69 93 211 379 512 687 768 868 946 1000 1118 1157 1305 1388 1424 1496 1656 1729 1820 1916 
70 94 212 380 513 688 769 869 947 1001 1119 1158 1306 1389 1425 1497 1657 1730 1821 1917 
71 95 213 381 514 689 770 870 948 1002 1120 1159 1307 1390 1426 1498 1658 1731 1822 1918 
72 96 214 382 515 690 771 871 949 1003 1121 1160 1308 1391 1427 1499 1659 1732 1823 1919 
73 97 215 383 516 691 772 872 950 1004 1122 1161 1309 1392 1428 1500 1660 1733 1824 1920 
74 98 216 384 517 692 773 873 951 1005 1123 1162 1310 1393 1429 1501 1661 1734 1825 1921 
75 99 217 385 518 693 774 874 952 1006 1124 1163 1311 1394 1430 1502 1662 1735 1826 1922 
76 100 218 386 519 694 775 875 953 1007 1125 1164 1312 1395 1431 1503 1663 1736 1827 1923 
77 101 219 387 520 695 776 876 954 1008 1126 1165 1313 1396 1432 1504 1664 1737 1828 1924 
78 102 220 388 521 696 777 877 955 1009 1127 1166 1314 1397 1433 1505 1665 1738 1829 1925 
79 103 221 389 522 697 778 878 956 1010 1128 1167 1315 1398 1434 1506 1666 1739 1830 1926 
80 104 222 390 523 698 779 879 957 1011 1129 1168 1316 1399 1435 1507 1667 1740 1831 1927 
81 105 223 391 524 699 780 792 958 1012 1130 1169 1317 1400 1436 1508 1668 1741 1832 1928 
82 106 224 392 525 700 781 793 959 1013 1131 1170 1318 1401 1437 1509 1669 1742 1833 1929 
83 107 225 393 526 701 782 794 960 1014 1132 1171 1319 1402 1438 1510 1670 1743 1834 1930 
84 108 226 394 527 702 783 795 961 1015 1133 1172 1232 1403 1439 1511 1671 1744 1835 1931 
85 109 227 395 440 703 784 796 962 1016 1134 1173 1233 1404 1440 1512 1584 1745 1836 1932 
86 110 228 396 441 616 785 797 963 1017 1135 1174 1234 1405 1441 1513 1585 1746 1837 1933 
87 111 229 397 442 617 786 798 964 1018 1136 1175 1235 1406 1442 1514 1586 1747 1838 1934 
0 112 230 398 443 618 787 799 965 1019 1137 1176 1236 1407 1443 1515 1587 1748 1839 1935 
94 300 392 487 540 695 751 921 989 1068 1215 1246 1392 1408 1540 1633 1672 1760 1848 1936 
95 301 393 488 541 696 752 922 990 1069 1216 1247 1393 1409 1541 1634 1673 1761 1849 1937 
96 302 394 489 542 697 753 923 991 1070 1217 1248 1394 1410 1542 1635 1674 1762 1850 1938 
97 303 395 490 543 698 754 924 992 1071 1218 1249 1395 1411 1543 1636 1675 1763 1851 1939 
98 304 396 491 544 699 755 925 993 1072 1219 1250 1396 1412 1544 1637 1676 1764 1852 1940 
99 305 397 492 545 700 756 926 994 1073 1220 1251 1397 1413 1545 1638 1677 1765 1853 1941 
100 306 398 493 546 701 757 927 995 1074 1221 1252 1398 1414 1546 1639 1678 1766 1854 1942 
101 307 399 494 547 702 758 928 996 1075 1222 1253 1399 1415 1547 1640 1679 1767 1855 1943 
102 308 400 495 548 703 759 929 997 1076 1223 1254 1400 1416 1548 1641 1680 1768 1856 1944 
103 309 401 496 549 616 760 930 998 1077 1224 1255 1401 1417 1549 1642 1681 1769 1857 1945 
104 310 402 497 550 617 761 931 999 1078 1225 1256 1402 1418 1550 1643 1682 1770 1858 1946 
105 311 403 498 551 618 762 932 1000 1079 1226 1257 1403 1419 1551 1644 1683 1771 1859 1947 
106 312 404 499 552 619 763 933 1001 1080 1227 1258 1404 1420 1552 1645 1684 1772 1860 1948 
107 313 405 500 553 620 764 934 1002 1081 1228 1259 1405 1421 1553 1646 1685 1773 1861 1949 
108 314 406 501 554 621 765 935 1003 1082 1229 1260 1406 1422 1554 1647 1686 1774 1862 1950 
109 315 407 502 555 622 766 936 1004 1083 1230 1261 1407 1423 1555 1648 1687 1775 1863 1951 
110 316 408 503 556 623 767 937 1005 1084 1231 1262 1320 1424 1556 1649 1688 1776 1864 1952 
111 317 409 504 557 624 768 938 1006 1085 1144 1263 1321 1425 1557 1650 1689 1777 1865 1953 
112 318 410 505 558 625 769 939 1007 1086 1145 1264 1322 1426 1558 1651 1690 1778 1866 1954 
113 319 411 506 559 626 770 940 1008 1087 1146 1265 1323 1427 1559 1652 1691 1779 1867 1955 
114 320 412 507 560 627 771 941 1009 1088 1147 1266 1324 1428 1560 1653 1692 1780 1868 1956 
115 321 413 508 561 628 772 942 1010 1089 1148 1267 1325 1429 1561 1654 1693 1781 1869 1957 
116 322 414 509 562 629 773 943 1011 1090 1149 1268 1326 1430 1562 1655 1694 1782 1870 1958 
117 323 415 510 563 630 774 944 1012 1091 1150 1269 1327 1431 1563 1656 1695 1783 1871 1959 
118 324 416 511 564 631 775 945 1013 1092 1151 1270 1328 1432 1564 1657 1696 1784 1872 1960 
119 325 417 512 565 632 776 946 1014 1093 1152 1271 1329 1433 1565 1658 1697 1785 1873 1961 
120 326 418 513 566 633 777 947 1015 1094 1153 1272 1330 1434 1566 1659 1698 1786 1874 1962 
121 327 419 514 567 634 778 948 1016 1095 1154 1273 1331 1435 1567 1660 1699 1787 1875 1963 
122 328 420 515 568 635 779 949 1017 1096 1155 1274 1332 1436 1568 1661 1700 1788 1876 1964 
123 329 421 516 569 636 780 950 1018 1097 1156 1275 1333 1437 1569 1662 1701 1789 1877 1965 
124 330 422 517 570 637 781 951 1019 1098 1157 1276 1334 1438 1570 1663 1702 1790 1878 1966 
125 331 423 518 571 638 782 952 1020 1099 1158 1277 1335 1439 1571 1664 1703 1791 1879 1967 
126 332 424 519 572 639 783 953 1021 1100 1159 1278 1336 1440 1572 1665 1704 1792 1880 1968 
127 333 425 520 573 640 784 954 1022 1101 1160 1279 1337 1441 1573 1666 1705 1793 1881 1969 
128 334 426 521 574 641 785 955 1023 1102 1161 1280 1338 1442 1574 1667 1706 1794 1882 1970 
129 335 427 522 575 642 786 956 1024 1103 1162 1281 1339 1443 1575 1668 1707 1795 1883 1971 
130 336 428 523 576 643 787 957 1025 1104 1163 1282 1340 1444 1576 1669 1708 1796 1884 1972 
131 337 429 524 577 644 788 958 1026 1105 1164 1283 1341 1445 1577 1670 1709 1797 1885 1973 
132 338 430 525 578 645 789 959 1027 1106 1165 1284 1342 1446 1578 1671 1710 1798 1886 1974 
133 339 431 526 579 646 790 960 1028 1107 1166 1285 1343 1447 1579 1584 1711 1799 1887 1975 
134 340 432 527 580 647 791 961 1029 1108 1167 1286 1344 1448 1580 1585 1712 1800 1888 1976 
135 341 433 440 581 648 704 962 1030 1109 1168 1287 1345 1449 1581 1586 1713 1801 1889 1977 
136 342 434 441 582 649 705 963 1031 1110 1169 1288 1346 1450 1582 1587 1714 1802 1890 1978 
137 343 435 442 583 650 706 964 1032 1111 1170 1289 1347 1451 1583 1588 1715 1803 1891 1979 
138 344 436 443 584 651 707 965 1033 1112 1171 1290 1348 1452 1496 1589 1716 1804 1892 1980 
139 345 437 444 585 652 708 966 1034 1113 1172 1291 1349 1453 1497 1590 1717 1805 1893 1981 
140 346 438 445 586 653 709 967 1035 1114 1173 1292 1350 1454 1498 1591 1718 1806 1894 1982 
141 347 439 446 587 654 710 880 1036 1115 1174 1293 1351 1455 1499 1592 1719 1807 1895 1983 
142 348 352 447 588 655 711 881 1037 1116 1175 1294 1352 1456 1500 1593 1720 1808 1896 1984 
143 349 353 448 589 656 712 882 1038 1117 1176 1295 1353 1457 1501 1594 1721 1809 1897 1985 
144 350 354 449 590 657 713 883 1039 1118 1177 1296 1354 1458 1502 1595 1722 1810 1898 1986 
145 351 355 450 591 658 714 884 1040 1119 1178 1297 1355 1459 1503 1596 1723 1811 1899 1987 
146 264 356 451 592 659 715 885 1041 1120 1179 1298 1356 1460 1504 1597 1724 1812 1900 1988 
147 265 357 452 593 660 716 886 1042 1121 1180 1299 1357 1461 1505 1598 1725 1813 1901 1989 
148 266 358 453 594 661 717 887 1043 1122 1181 1300 1358 1462 1506 1599 1726 1814 1902 1990 
149 267 359 454 595 662 718 888 1044 1123 1182 1301 1359 1463 1507 1600 1727 1815 1903 1991 
150 268 360 455 596 663 719 889 1045 1124 1183 1302 1360 1464 1508 1601 1728 1816 1904 1992 
151 269 361 456 597 664 720 890 1046 1125 1184 1303 1361 1465 1509 1602 1729 1817 1905 1993 
152 270 362 457 598 665 721 891 1047 1126 1185 1304 1362 1466 1510 1603 1730 1818 1906 1994 
153 271 363 458 599 666 722 892 1048 1127 1186 1305 1363 1467 1511 1604 1731 1819 1907 1995 
154 272 364 459 600 667 723 893 1049 1128 1187 1306 1364 1468 1512 1605 1732 1820 1908 1996 
155 273 365 460 601 668 724 894 1050 1129 1188 1307 1365 1469 1513 1606 1733 1821 1909 1997 
156 274 366 461 602 669 725 895 1051 1130 1189 1308 1366 1470 1514 1607 1734 1822 1910 1998 
157 275 367 462 603 670 726 896 1052 1131 1190 1309 1367 1471 1515 1608 1735 1823 1911 1999 
158 276 368 463 604 671 727 897 1053 1132 1191 1310 1368 1472 1516 1609 1736 1824 1912 2000 
159 277 369 464 605 672 728 898 1054 1133 1192 1311 1369 1473 1517 1610 1737 1825 1913 2001 
160 278 370 465 606 673 729 899 1055 1134 1193 1312 1370 1474 1518 1611 1738 1826 1914 2002 
161 279 371 466 607 674 730 900 968 1135 1194 1313 1371 1475 1519 1612 1739 1827 1915 2003 
162 280 372 467 608 675 731 901 969 1136 1195 1314 1372 1476 1520 1613 1740 1828 1916 2004 
163 281 373 468 609 676 732 902 970 1137 1196 1315 1373 1477 1521 1614 1741 1829 1917 2005 
164 282 374 469 610 677 733 903 971 1138 1197 1316 1374 1478 1522 1615 1742 1830 1918 2006 
165 283 375 470 611 678 734 904 972 1139 1198 1317 1375 1479 1523 1616 1743 1831 1919 2007 
166 284 376 471 612 679 735 905 973 1140 1199 1318 1376 1480 1524 1617 1744 1832 1920 2008 
167 285 377 472 613 680 736 906 974 1141 1200 1319 1377 1481 1525 1618 1745 1833 1921 2009 
168 286 378 473 614 681 737 907 975 1142 1201 1232 1378 1482 1526 1619 1746 1834 1922 2010 
169 287 379 474 615 682 738 908 976 1143 1202 1233 1379 1483 1527 1620 1747 1835 1923 2011 
170 288 380 475 528 683 739 909 977 1056 1203 1234 1380 1484 1528 1621 1748 1836 1924 2012 
171 289 381 476 529 684 740 910 978 1057 1204 1235 1381 1485 1529 1622 1749 1837 1925 2013 
172 290 382 477 530 685 741 911 979 1058 1205 1236 1382 1486 1530 1623 1750 1838 1926 2014 
173 291 383 478 531 686 742 912 980 1059 1206 1237 1383 1487 1531 1624 1751 1839 1927 2015 
174 292 384 479 532 687 743 913 981 1060 1207 1238 1384 1488 1532 1625 1752 1840 1928 2016 
175 293 385 480 533 688 744 914 982 1061 1208 1239 1385 1489 1533 1626 1753 1841 1929 2017 
88 294 386 481 534 689 745 915 983 1062 1209 1240 1386 1490 1534 1627 1754 1842 1930 2018 
89 295 387 482 535 690 746 916 984 1063 1210 1241 1387 1491 1535 1628 1755 1843 1931 2019 
90 296 388 483 536 691 747 917 985 1064 1211 1242 1388 1492 1536 1629 1756 1844 1932 2020 
91 297 389 484 537 692 748 918 986 1065 1212 1243 1389 1493 1537 1630 1757 1845 1933 2021 
92 298 390 485 538 693 749 919 987 1066 1213 1244 1390 1494 1538 1631 1758 1846 1934 2022 
93 299 391 486 539 694 750 920 988 1067 1214 1245 1391 1495 1539 1632 1759 1847 1935 2023 
51 169 259 268 419 549 735 816 883 1029 1137 1153 1318 1398 1468 1496 1651 1687 1936 2024 
52 170 260 269 420 550 736 817 884 1030 1138 1154 1319 1399 1469 1497 1652 1688 1937 2025 
53 171 261 270 421 551 737 818 885 1031 1139 1155 1232 1400 1470 1498 1653 1689 1938 2026 
54 172 262 271 422 552 738 819 886 1032 1140 1156 1233 1401 1471 1499 1654 1690 1939 2027 
55 173 263 272 423 553 739 820 887 1033 1141 1157 1234 1402 1472 1500 1655 1691 1940 2028 
56 174 176 273 424 554 740 821 888 1034 1142 1158 1235 1403 1473 1501 1656 1692 1941 2029 
57 175 177 274 425 555 741 822 889 1035 1143 1159 1236 1404 1474 1502 1657 1693 1942 2030 
58 88 178 275 426 556 742 823 890 1036 1056 1160 1237 1405 1475 1503 1658 1694 1943 2031 
59 89 179 276 427 557 743 824 891 1037 1057 1161 1238 1406 1476 1504 1659 1695 1944 2032 
60 90 180 277 428 558 744 825 892 1038 1058 1162 1239 1407 1477 1505 1660 1696 1945 2033 
61 91 181 278 429 559 745 826 893 1039 1059 1163 1240 1320 1478 1506 1661 1697 1946 2034 
62 92 182 279 430 560 746 827 894 1040 1060 1164 1241 1321 1479 1507 1662 1698 1947 2035 
63 93 183 280 431 561 747 828 895 1041 1061 1165 1242 1322 1480 1508 1663 1699 1948 2036 
64 94 184 281 432 562 748 829 896 1042 1062 1166 1243 1323 1481 1509 1664 1700 1949 2037 
65 95 185 282 433 563 749 830 897 1043 1063 1167 1244 1324 1482 1510 1665 1701 1950 2038 
66 96 186 283 434 564 750 831 898 1044 1064 1168 1245 1325 1483 1511 1666 1702 1951 2039 
67 97 187 284 435 565 751 832 899 1045 1065 1169 1246 1326 1484 1512 1667 1703 1952 2040 
68 98 188 285 436 566 752 833 900 1046 1066 1170 1247 1327 1485 1513 1668 1704 1953 2041 
69 99 189 286 437 567 753 834 901 1047 1067 1171 1248 1328 1486 1514 1669 1705 1954 2042 
70 100 190 287 438 568 754 835 902 1048 1068 1172 1249 1329 1487 1515 1670 1706 1955 2043 
71 101 191 288 439 569 755 836 903 1049 1069 1173 1250 1330 1488 1516 1671 1707 1956 2044 
72 102 192 289 352 570 756 837 904 1050 1070 1174 1251 1331 1489 1517 1584 1708 1957 2045 
73 103 193 290 353 571 757 838 905 1051 1071 1175 1252 1332 1490 1518 1585 1709 1958 2046 
74 104 194 291 354 572 758 839 906 1052 1072 1176 1253 1333 1491 1519 1586 1710 1959 2047 
75 105 195 292 355 573 759 840 907 1053 1073 1177 1254 1334 1492 1520 1587 1711 1960 2048 
76 106 196 293 356 574 760 841 908 1054 1074 1178 1255 1335 1493 1521 1588 1712 1961 2049 
77 107 197 294 357 575 761 842 909 1055 1075 1179 1256 1336 1494 1522 1589 1713 1962 2050 
78 108 198 295 358 576 762 843 910 968 1076 1180 1257 1337 1495 1523 1590 1714 1963 2051 
79 109 199 296 359 577 763 844 911 969 1077 1181 1258 1338 1408 1524 1591 1715 1964 2052 
80 110 200 297 360 578 764 845 912 970 1078 1182 1259 1339 1409 1525 1592 1716 1965 2053 
81 111 201 298 361 579 765 846 913 971 1079 1183 1260 1340 1410 1526 1593 1717 1966 2054 
82 112 202 299 362 580 766 847 914 972 1080 1184 1261 1341 1411 1527 1594 1718 1967 2055 
83 113 203 300 363 581 767 848 915 973 1081 1185 1262 1342 1412 1528 1595 1719 1968 2056 
84 114 204 301 364 582 768 849 916 974 1082 1186 1263 1343 1413 1529 1596 1720 1969 2057 
85 115 205 302 365 583 769 850 917 975 1083 1187 1264 1344 1414 1530 1597 1721 1970 2058 
86 116 206 303 366 584 770 851 918 976 1084 1188 1265 1345 1415 1531 1598 1722 1971 2059 
87 117 207 304 367 585 771 852 919 977 1085 1189 1266 1346 1416 1532 1599 1723 1972 2060 
0 118 208 305 368 586 772 853 920 978 1086 1190 1267 1347 1417 1533 1600 1724 1973 2061 
1 119 209 306 369 587 773 854 921 979 1087 1191 1268 1348 1418 1534 1601 1725 1974 2062 
2 120 210 307 370 588 774 855 922 980 1088 1192 1269 1349 1419 1535 1602 1726 1975 2063 
3 121 211 308 371 589 775 856 923 981 1089 1193 1270 1350 1420 1536 1603 1727 1976 2064 
4 122 212 309 372 590 776 857 924 982 1090 1194 1271 1351 1421 1537 1604 1728 1977 2065 
5 123 213 310 373 591 777 858 925 983 1091 1195 1272 1352 1422 1538 1605 1729 1978 2066 
6 124 214 311 374 592 778 859 926 984 1092 1196 1273 1353 1423 1539 1606 1730 1979 2067 
7 125 215 312 375 593 779 860 927 985 1093 1197 1274 1354 1424 1540 1607 1731 1980 2068 
8 126 216 313 376 594 780 861 928 986 1094 1198 1275 1355 1425 1541 1608 1732 1981 2069 
9 127 217 314 377 595 781 862 929 987 1095 1199 1276 1356 1426 1542 1609 1733 1982 2070 
10 128 218 315 378 596 782 863 930 988 1096 1200 1277 1357 1427 1543 1610 1734 1983 2071 
11 129 219 316 379 597 783 864 931 989 1097 1201 1278 1358 1428 1544 1611 1735 1984 2072 
12 130 220 317 380 598 784 865 932 990 1098 1202 1279 1359 1429 1545 1612 1736 1985 2073 
13 131 221 318 381 599 785 866 933 991 1099 1203 1280 1360 1430 1546 1613 1737 1986 2074 
14 132 222 319 382 600 786 867 934 992 1100 1204 1281 1361 1431 1547 1614 1738 1987 2075 
15 133 223 320 383 601 787 868 935 993 1101 1205 1282 1362 1432 1548 1615 1739 1988 2076 
16 134 224 321 384 602 788 869 936 994 1102 1206 1283 1363 1433 1549 1616 1740 1989 2077 
17 135 225 322 385 603 789 870 937 995 1103 1207 1284 1364 1434 1550 1617 1741 1990 2078 
18 136 226 323 386 604 790 871 938 996 1104 1208 1285 1365 1435 1551 1618 1742 1991 2079 
19 137 227 324 387 605 791 872 939 997 1105 1209 1286 1366 1436 1552 1619 1743 1992 2080 
20 138 228 325 388 606 704 873 940 998 1106 1210 1287 1367 1437 1553 1620 1744 1993 2081 
21 139 229 326 389 607 705 874 941 999 1107 1211 1288 1368 1438 1554 1621 1745 1994 2082 
22 140 230 327 390 608 706 875 942 1000 1108 1212 1289 1369 1439 1555 1622 1746 1995 2083 
23 141 231 328 391 609 707 876 943 1001 1109 1213 1290 1370 1440 1556 1623 1747 1996 2084 
24 142 232 329 392 610 708 877 944 1002 1110 1214 1291 1371 1441 1557 1624 1748 1997 2085 
25 143 233 330 393 611 709 878 945 1003 1111 1215 1292 1372 1442 1558 1625 1749 1998 2086 
26 144 234 331 394 612 710 879 946 1004 1112 1216 1293 1373 1443 1559 1626 1750 1999 2087 
27 145 235 332 395 613 711 792 947 1005 1113 1217 1294 1374 1444 1560 1627 1751 2000 2088 
28 146 236 333 396 614 712 793 948 1006 1114 1218 1295 1375 1445 1561 1628 1752 2001 2089 
29 147 237 334 397 615 713 794 949 1007 1115 1219 1296 1376 1446 1562 1629 1753 2002 2090 
30 148 238 335 398 528 714 795 950 1008 1116 1220 1297 1377 1447 1563 1630 1754 2003 2091 
31 149 239 336 399 529 715 796 951 1009 1117 1221 1298 1378 1448 1564 1631 1755 2004 2092 
32 150 240 337 400 530 716 797 952 1010 1118 1222 1299 1379 1449 1565 1632 1756 2005 2093 
33 151 241 338 401 531 717 798 953 1011 1119 1223 1300 1380 1450 1566 1633 1757 2006 2094 
34 152 242 339 402 532 718 799 954 1012 1120 1224 1301 1381 1451 1567 1634 1758 2007 2095 
35 153 243 340 403 533 719 800 955 1013 1121 1225 1302 1382 1452 1568 1635 1759 2008 2096 
36 154 244 341 404 534 720 801 956 1014 1122 1226 1303 1383 1453 1569 1636 1672 2009 2097 
37 155 245 342 405 535 721 802 957 1015 1123 1227 1304 1384 1454 1570 1637 1673 2010 2098 
38 156 246 343 406 536 722 803 958 1016 1124 1228 1305 1385 1455 1571 1638 1674 2011 2099 
39 157 247 344 407 537 723 804 959 1017 1125 1229 1306 1386 1456 1572 1639 1675 2012 2100 
40 158 248 345 408 538 724 805 960 1018 1126 1230 1307 1387 1457 1573 1640 1676 2013 2101 
41 159 249 346 409 539 725 806 961 1019 1127 1231 1308 1388 1458 1574 1641 1677 2014 2102 
42 160 250 347 410 540 726 807 962 1020 1128 1144 1309 1389 1459 1575 1642 1678 2015 2103 
43 161 251 348 411 541 727 808 963 1021 1129 1145 1310 1390 1460 1576 1643 1679 2016 2104 
44 162 252 349 412 542 728 809 964 1022 1130 1146 1311 1391 1461 1577 1644 1680 2017 2105 
45 163 253 350 413 543 729 810 965 1023 1131 1147 1312 1392 1462 1578 1645 1681 2018 2106 
46 164 254 351 414 544 730 811 966 1024 1132 1148 1313 1393 1463 1579 1646 1682 2019 2107 
47 165 255 264 415 545 731 812 967 1025 1133 1149 1314 1394 1464 1580 1647 1683 2020 2108 
48 166 256 265 416 546 732 813 880 1026 1134 1150 1315 1395 1465 1581 1648 1684 2021 2109 
49 167 257 266 417 547 733 814 881 1027 1135 1151 1316 1396 1466 1582 1649 1685 2022 2110 
50 168 258 267 418 548 734 815 882 1028 1136 1152 1317 1397 1467 1583 1650 1686 2023 2111 
50 226 279 476 541 626 715 812 933 970 1085 1148 1289 1350 1492 1500 1595 1738 1840 2024 
51 227 280 477 542 627 716 813 934 971 1086 1149 1290 1351 1493 1501 1596 1739 1841 2025 
52 228 281 478 543 628 717 814 935 972 1087 1150 1291 1352 1494 1502 1597 1740 1842 2026 
53 229 282 479 544 629 718 815 936 973 1088 1151 1292 1353 1495 1503 1598 1741 1843 2027 
54 230 283 480 545 630 719 816 937 974 1089 1152 1293 1354 1408 1504 1599 1742 1844 2028 
55 231 284 481 546 631 720 817 938 975 1090 1153 1294 1355 1409 1505 1600 1743 1845 2029 
56 232 285 482 547 632 721 818 939 976 1091 1154 1295 1356 1410 1506 1601 1744 1846 2030 
57 233 286 483 548 633 722 819 940 977 1092 1155 1296 1357 1411 1507 1602 1745 1847 2031 
58 234 287 484 549 634 723 820 941 978 1093 1156 1297 1358 1412 1508 1603 1746 1760 2032 
59 235 288 485 550 635 724 821 942 979 1094 1157 1298 1359 1413 1509 1604 1747 1761 2033 
60 236 289 486 551 636 725 822 943 980 1095 1158 1299 1360 1414 1510 1605 1748 1762 2034 
61 237 290 487 552 637 726 823 944 981 1096 1159 1300 1361 1415 1511 1606 1749 1763 2035 
62 238 291 488 553 638 727 824 945 982 1097 1160 1301 1362 1416 1512 1607 1750 1764 2036 
63 239 292 489 554 639 728 825 946 983 1098 1161 1302 1363 1417 1513 1608 1751 1765 2037 
64 240 293 490 555 640 729 826 947 984 1099 1162 1303 1364 1418 1514 1609 1752 1766 2038 
65 241 294 491 556 641 730 827 948 985 1100 1163 1304 1365 1419 1515 1610 1753 1767 2039 
66 242 295 492 557 642 731 828 949 986 1101 1164 1305 1366 1420 1516 1611 1754 1768 2040 
67 243 296 493 558 643 732 829 950 987 1102 1165 1306 1367 1421 1517 1612 1755 1769 2041 
68 244 297 494 559 644 733 830 951 988 1103 1166 1307 1368 1422 1518 1613 1756 1770 2042 
69 245 298 495 560 645 734 831 952 989 1104 1167 1308 1369 1423 1519 1614 1757 1771 2043 
70 246 299 496 561 646 735 832 953 990 1105 1168 1309 1370 1424 1520 1615 1758 1772 2044 
71 247 300 497 562 647 736 833 954 991 1106 1169 1310 1371 1425 1521 1616 1759 1773 2045 
72 248 301 498 563 648 737 834 955 992 1107 1170 1311 1372 1426 1522 1617 1672 1774 2046 
73 249 302 499 564 649 738 835 956 993 1108 1171 1312 1373 1427 1523 1618 1673 1775 2047 
74 250 303 500 565 650 739 836 957 994 1109 1172 1313 1374 1428 1524 1619 1674 1776 2048 
75 251 304 501 566 651 740 837 958 995 1110 1173 1314 1375 1429 1525 1620 1675 1777 2049 
76 252 305 502 567 652 741 838 959 996 1111 1174 1315 1376 1430 1526 1621 1676 1778 2050 
77 253 306 503 568 653 742 839 960 997 1112 1175 1316 1377 1431 1527 1622 1677 1779 2051 
78 254 307 504 569 654 743 840 961 998 1113 1176 1317 1378 1432 1528 1623 1678 1780 2052 
79 255 308 505 570 655 744 841 962 999 1114 1177 1318 1379 1433 1529 1624 1679 1781 2053 
80 256 309 506 571 656 745 842 963 1000 1115 1178 1319 1380 1434 1530 1625 1680 1782 2054 
81 257 310 507 572 657 746 843 964 1001 1116 1179 1232 1381 1435 1531 1626 1681 1783 2055 
82 258 311 508 573 658 747 844 965 1002 1117 1180 1233 1382 1436 1532 1627 1682 1784 2056 
83 259 312 509 574 659 748 845 966 1003 1118 1181 1234 1383 1437 1533 1628 1683 1785 2057 
84 260 313 510 575 660 749 846 967 1004 1119 1182 1235 1384 1438 1534 1629 1684 1786 2058 
85 261 314 511 576 661 750 847 880 1005 1120 1183 1236 1385 1439 1535 1630 1685 1787 2059 
86 262 315 512 577 662 751 848 881 1006 1121 1184 1237 1386 1440 1536 1631 1686 1788 2060 
87 263 316 513 578 663 752 849 882 1007 1122 1185 1238 1387 1441 1537 1632 1687 1789 2061 
0 176 317 514 579 664 753 850 883 1008 1123 1186 1239 1388 1442 1538 1633 1688 1790 2062 
1 177 318 515 580 665 754 851 884 1009 1124 1187 1240 1389 1443 1539 1634 1689 1791 2063 
2 178 319 516 581 666 755 852 885 1010 1125 1188 1241 1390 1444 1540 1635 1690 1792 2064 
3 179 320 517 582 667 756 853 886 1011 1126 1189 1242 1391 1445 1541 1636 1691 1793 2065 
4 180 321 518 583 668 757 854 887 1012 1127 1190 1243 1392 1446 1542 1637 1692 1794 2066 
5 181 322 519 584 669 758 855 888 1013 1128 1191 1244 1393 1447 1543 1638 1693 1795 2067 
6 182 323 520 585 670 759 856 889 1014 1129 1192 1245 1394 1448 1544 1639 1694 1796 2068 
7 183 324 521 586 671 760 857 890 1015 1130 1193 1246 1395 1449 1545 1640 1695 1797 2069 
8 184 325 522 587 672 761 858 891 1016 1131 1194 1247 1396 1450 1546 1641 1696 1798 2070 
9 185 326 523 588 673 762 859 892 1017 1132 1195 1248 1397 1451 1547 1642 1697 1799 2071 
10 186 327 524 589 674 763 860 893 1018 1133 1196 1249 1398 1452 1548 1643 1698 1800 2072 
11 187 328 525 590 675 764 861 894 1019 1134 1197 1250 1399 1453 1549 1644 1699 1801 2073 
12 188 329 526 591 676 765 862 895 1020 1135 1198 1251 1400 1454 1550 1645 1700 1802 2074 
13 189 330 527 592 677 766 863 896 1021 1136 1199 1252 1401 1455 1551 1646 1701 1803 2075 
14 190 331 440 593 678 767 864 897 1022 1137 1200 1253 1402 1456 1552 1647 1702 1804 2076 
15 191 332 441 594 679 768 865 898 1023 1138 1201 1254 1403 1457 1553 1648 1703 1805 2077 
16 192 333 442 595 680 769 866 899 1024 1139 1202 1255 1404 1458 1554 1649 1704 1806 2078 
17 193 334 443 596 681 770 867 900 1025 1140 1203 1256 1405 1459 1555 1650 1705 1807 2079 
18 194 335 444 597 682 771 868 901 1026 1141 1204 1257 1406 1460 1556 1651 1706 1808 2080 
19 195 336 445 598 683 772 869 902 1027 1142 1205 1258 1407 1461 1557 1652 1707 1809 2081 
20 196 337 446 599 684 773 870 903 1028 1143 1206 1259 1320 1462 1558 1653 1708 1810 2082 
21 197 338 447 600 685 774 871 904 1029 1056 1207 1260 1321 1463 1559 1654 1709 1811 2083 
22 198 339 448 601 686 775 872 905 1030 1057 1208 1261 1322 1464 1560 1655 1710 1812 2084 
23 199 340 449 602 687 776 873 906 1031 1058 1209 1262 1323 1465 1561 1656 1711 1813 2085 
24 200 341 450 603 688 777 874 907 1032 1059 1210 1263 1324 1466 1562 1657 1712 1814 2086 
25 201 342 451 604 689 778 875 908 1033 1060 1211 1264 1325 1467 1563 1658 1713 1815 2087 
26 202 343 452 605 690 779 876 909 1034 1061 1212 1265 1326 1468 1564 1659 1714 1816 2088 
27 203 344 453 606 691 780 877 910 1035 1062 1213 1266 1327 1469 1565 1660 1715 1817 2089 
28 204 345 454 607 692 781 878 911 1036 1063 1214 1267 1328 1470 1566 1661 1716 1818 2090 
29 205 346 455 608 693 782 879 912 1037 1064 1215 1268 1329 1471 1567 1662 1717 1819 2091 
30 206 347 456 609 694 783 792 913 1038 1065 1216 1269 1330 1472 1568 1663 1718 1820 2092 
31 207 348 457 610 695 784 793 914 1039 1066 1217 1270 1331 1473 1569 1664 1719 1821 2093 
32 208 349 458 611 696 785 794 915 1040 1067 1218 1271 1332 1474 1570 1665 1720 1822 2094 
33 209 350 459 612 697 786 795 916 1041 1068 1219 1272 1333 1475 1571 1666 1721 1823 2095 
34 210 351 460 613 698 787 796 917 1042 1069 1220 1273 1334 1476 1572 1667 1722 1824 2096 
35 211 264 461 614 699 788 797 918 1043 1070 1221 1274 1335 1477 1573 1668 1723 1825 2097 
36 212 265 462 615 700 789 798 919 1044 1071 1222 1275 1336 1478 1574 1669 1724 1826 2098 
37 213 266 463 528 701 790 799 920 1045 1072 1223 1276 1337 1479 1575 1670 1725 1827 2099 
38 214 267 464 529 702 791 800 921 1046 1073 1224 1277 1338 1480 1576 1671 1726 1828 2100 
39 215 268 465 530 703 704 801 922 1047 1074 1225 1278 1339 1481 1577 1584 1727 1829 2101 
40 216 269 466 531 616 705 802 923 1048 1075 1226 1279 1340 1482 1578 1585 1728 1830 2102 
41 217 270 467 532 617 706 803 924 1049 1076 1227 1280 1341 1483 1579 1586 1729 1831 2103 
42 218 271 468 533 618 707 804 925 1050 1077 1228 1281 1342 1484 1580 1587 1730 1832 2104 
43 219 272 469 534 619 708 805 926 1051 1078 1229 1282 1343 1485 1581 1588 1731 1833 2105 
44 220 273 470 535 620 709 806 927 1052 1079 1230 1283 1344 1486 1582 1589 1732 1834 2106 
45 221 274 471 536 621 710 807 928 1053 1080 1231 1284 1345 1487 1583 1590 1733 1835 2107 
46 222 275 472 537 622 711 808 929 1054 1081 1144 1285 1346 1488 1496 1591 1734 1836 2108 
47 223 276 473 538 623 712 809 930 1055 1082 1145 1286 1347 1489 1497 1592 1735 1837 2109 
48 224 277 474 539 624 713 810 931 968 1083 1146 1287 1348 1490 1498 1593 1736 1838 2110 
49 225 278 475 540 625 714 811 932 969 1084 1147 1288 1349 1491 1499 1594 1737 1839 2111 

