1 117 239 415 464 735 820 836 1006 1064 1186 1229 1293 1380 1508 1584 1660 1825 1920 1932 
2 118 240 416 465 644 821 837 1007 1065 1187 1230 1294 1381 1509 1585 1661 1826 1921 1933 
3 119 241 417 466 645 822 838 1008 1066 1188 1231 1295 1382 1510 1586 1662 1827 1922 1934 
4 120 242 418 467 646 823 839 1009 1067 1189 1232 1296 1383 1511 1587 1663 1828 1923 1935 
5 121 243 419 468 647 824 840 1010 1068 1190 1233 1297 1384 1512 1588 1664 1829 1924 1936 
6 122 244 420 469 648 825 841 1011 1069 1191 1234 1298 1385 1513 1589 1665 1830 1925 1937 
7 123 245 421 470 649 826 842 920 1070 1192 1235 1299 1386 1514 1590 1666 1831 1926 1938 
8 124 246 422 471 650 827 843 921 1071 1193 1236 1300 1387 1515 1591 1667 1832 1927 1939 
9 125 247 423 472 651 736 844 922 1072 1194 1237 1301 1388 1516 1592 1668 1833 1928 1940 
10 126 248 424 473 652 737 845 923 1073 1195 1238 1302 1389 1517 1593 1669 1834 1929 1941 
11 127 249 425 474 653 738 846 924 1074 1104 1239 1303 1390 1518 1594 1670 1835 1930 1942 
12 128 250 426 475 654 739 847 925 1075 1105 1240 1304 1391 1519 1595 1671 1836 1931 1943 
13 129 251 427 476 655 740 848 926 1076 1106 1241 1305 1392 1520 1596 1672 1837 1840 1944 
14 130 252 428 477 656 741 849 927 1077 1107 1242 1306 1393 1521 1597 1673 1838 1841 1945 
15 131 253 429 478 657 742 850 928 1078 1108 1243 1307 1394 1522 1598 1674 1839 1842 1946 
16 132 254 430 479 658 743 851 929 1079 1109 1244 1308 1395 1523 1599 1675 1748 1843 1947 
17 133 255 431 480 659 744 852 930 1080 1110 1245 1309 1396 1524 1600 1676 1749 1844 1948 
18 134 256 432 481 660 745 853 931 1081 1111 1246 1310 1397 1525 1601 1677 1750 1845 1949 
19 135 257 433 482 661 746 854 932 1082 1112 1247 1311 1398 1526 1602 1678 1751 1846 1950 
20 136 258 434 483 662 747 855 933 1083 1113 1248 1312 1399 1527 1603 1679 1752 1847 1951 
21 137 259 435 484 663 748 856 934 1084 1114 1249 1313 1400 1528 1604 1680 1753 1848 1952 
22 138 260 436 485 664 749 857 935 1085 1115 1250 1314 1401 1529 1605 1681 1754 1849 1953 
23 139 261 437 486 665 750 858 936 1086 1116 1251 1315 1402 1530 1606 1682 1755 1850 1954 
24 140 262 438 487 666 751 859 937 1087 1117 1252 1316 1403 1531 1607 1683 1756 1851 1955 
25 141 263 439 488 667 752 860 938 1088 1118 1253 1317 1404 1532 1608 1684 1757 1852 1956 
26 142 264 440 489 668 753 861 939 1089 1119 1254 1318 1405 1533 1609 1685 1758 1853 1957 
27 143 265 441 490 669 754 862 940 1090 1120 1255 1319 1406 1534 1610 1686 1759 1854 1958 
28 144 266 442 491 670 755 863 941 1091 1121 1256 1320 1407 1535 1611 1687 1760 1855 1959 
29 145 267 443 492 671 756 864 942 1092 1122 1257 1321 1408 1536 1612 1688 1761 1856 1960 
30 146 268 444 493 672 757 865 943 1093 1123 1258 1322 1409 1537 1613 1689 1762 1857 1961 
31 147 269 445 494 673 758 866 944 1094 1124 1259 1323 1410 1538 1614 1690 1763 1858 1962 
32 148 270 446 495 674 759 867 945 1095 1125 1260 1324 1411 1539 1615 1691 1764 1859 1963 
33 149 271 447 496 675 760 868 946 1096 1126 1261 1325 1412 1540 1616 1692 1765 1860 1964 
34 150 272 448 497 676 761 869 947 1097 1127 1262 1326 1413 1541 1617 1693 1766 1861 1965 
35 151 273 449 498 677 762 870 948 1098 1128 1263 1327 1414 1542 1618 1694 1767 1862 1966 
36 152 274 450 499 678 763 871 949 1099 1129 1264 1328 1415 1543 1619 1695 1768 1863 1967 
37 153 275 451 500 679 764 872 950 1100 1130 1265 1329 1416 1544 1620 1696 1769 1864 1968 
38 154 184 452 501 680 765 873 951 1101 1131 1266 1330 1417 1545 1621 1697 1770 1865 1969 
39 155 185 453 502 681 766 874 952 1102 1132 1267 1331 1418 1546 1622 1698 1771 1866 1970 
40 156 186 454 503 682 767 875 953 1103 1133 1268 1332 1419 1547 1623 1699 1772 1867 1971 
41 157 187 455 504 683 768 876 954 1012 1134 1269 1333 1420 1548 1624 1700 1773 1868 1972 
42 158 188 456 505 684 769 877 955 1013 1135 1270 1334 1421 1549 1625 1701 1774 1869 1973 
43 159 189 457 506 685 770 878 956 1014 1136 1271 1335 1422 1550 1626 1702 1775 1870 1974 
44 160 190 458 507 686 771 879 957 1015 1137 1272 1336 1423 1551 1627 1703 1776 1871 1975 
45 161 191 459 508 687 772 880 958 1016 1138 1273 1337 1424 1552 1628 1704 1777 1872 1976 
46 162 192 368 509 688 773 881 959 1017 1139 1274 1338 1425 1553 1629 1705 1778 1873 1977 
47 163 193 369 510 689 774 882 960 1018 1140 1275 1339 1426 1554 1630 1706 1779 1874 1978 
48 164 194 370 511 690 775 883 961 1019 1141 1276 1340 1427 1555 1631 1707 1780 1875 1979 
49 165 195 371 512 691 776 884 962 1020 1142 1277 1341 1428 1556 1632 1708 1781 1876 1980 
50 166 196 372 513 692 777 885 963 1021 1143 1278 1342 1429 1557 1633 1709 1782 1877 1981 
51 167 197 373 514 693 778 886 964 1022 1144 1279 1343 1430 1558 1634 1710 1783 1878 1982 
52 168 198 374 515 694 779 887 965 1023 1145 1280 1344 1431 1559 1635 1711 1784 1879 1983 
53 169 199 375 516 695 780 888 966 1024 1146 1281 1345 1432 1560 1636 1712 1785 1880 1984 
54 170 200 376 517 696 781 889 967 1025 1147 1282 1346 1433 1561 1637 1713 1786 1881 1985 
55 171 201 377 518 697 782 890 968 1026 1148 1283 1347 1434 1562 1638 1714 1787 1882 1986 
56 172 202 378 519 698 783 891 969 1027 1149 1284 1348 1435 1563 1639 1715 1788 1883 1987 
57 173 203 379 520 699 784 892 970 1028 1150 1285 1349 1436 1472 1640 1716 1789 1884 1988 
58 174 204 380 521 700 785 893 971 1029 1151 1286 1350 1437 1473 1641 1717 1790 1885 1989 
59 175 205 381 522 701 786 894 972 1030 1152 1287 1351 1438 1474 1642 1718 1791 1886 1990 
60 176 206 382 523 702 787 895 973 1031 1153 1196 1352 1439 1475 1643 1719 1792 1887 1991 
61 177 207 383 524 703 788 896 974 1032 1154 1197 1353 1440 1476 1644 1720 1793 1888 1992 
62 178 208 384 525 704 789 897 975 1033 1155 1198 1354 1441 1477 1645 1721 1794 1889 1993 
63 179 209 385 526 705 790 898 976 1034 1156 1199 1355 1442 1478 1646 1722 1795 1890 1994 
64 180 210 386 527 706 791 899 977 1035 1157 1200 1356 1443 1479 1647 1723 1796 1891 1995 
65 181 211 387 528 707 792 900 978 1036 1158 1201 1357 1444 1480 1648 1724 1797 1892 1996 
66 182 212 388 529 708 793 901 979 1037 1159 1202 1358 1445 1481 1649 1725 1798 1893 1997 
67 183 213 389 530 709 794 902 980 1038 1160 1203 1359 1446 1482 1650 1726 1799 1894 1998 
68 92 214 390 531 710 795 903 981 1039 1161 1204 1360 1447 1483 1651 1727 1800 1895 1999 
69 93 215 391 532 711 796 904 982 1040 1162 1205 1361 1448 1484 1652 1728 1801 1896 2000 
70 94 216 392 533 712 797 905 983 1041 1163 1206 1362 1449 1485 1653 1729 1802 1897 2001 
71 95 217 393 534 713 798 906 984 1042 1164 1207 1363 1450 1486 1654 1730 1803 1898 2002 
72 96 218 394 535 714 799 907 985 1043 1165 1208 1364 1451 1487 1655 1731 1804 1899 2003 
73 97 219 395 536 715 800 908 986 1044 1166 1209 1365 1452 1488 1564 1732 1805 1900 2004 
74 98 220 396 537 716 801 909 987 1045 1167 1210 1366 1453 1489 1565 1733 1806 1901 2005 
75 99 221 397 538 717 802 910 988 1046 1168 1211 1367 1454 1490 1566 1734 1807 1902 2006 
76 100 222 398 539 718 803 911 989 1047 1169 1212 1368 1455 1491 1567 1735 1808 1903 2007 
77 101 223 399 540 719 804 912 990 1048 1170 1213 1369 1456 1492 1568 1736 1809 1904 2008 
78 102 224 400 541 720 805 913 991 1049 1171 1214 1370 1457 1493 1569 1737 1810 1905 2009 
79 103 225 401 542 721 806 914 992 1050 1172 1215 1371 1458 1494 1570 1738 1811 1906 2010 
80 104 226 402 543 722 807 915 993 1051 1173 1216 1372 1459 1495 1571 1739 1812 1907 2011 
81 105 227 403 544 723 808 916 994 1052 1174 1217 1373 1460 1496 1572 1740 1813 1908 2012 
82 106 228 404 545 724 809 917 995 1053 1175 1218 1374 1461 1497 1573 1741 1814 1909 2013 
83 107 229 405 546 725 810 918 996 1054 1176 1219 1375 1462 1498 1574 1742 1815 1910 2014 
84 108 230 406 547 726 811 919 997 1055 1177 1220 1376 1463 1499 1575 1743 1816 1911 2015 
85 109 231 407 548 727 812 828 998 1056 1178 1221 1377 1464 1500 1576 1744 1817 1912 2016 
86 110 232 408 549 728 813 829 999 1057 1179 1222 1378 1465 1501 1577 1745 1818 1913 2017 
87 111 233 409 550 729 814 830 1000 1058 1180 1223 1379 1466 1502 1578 1746 1819 1914 2018 
88 112 234 410 551 730 815 831 1001 1059 1181 1224 1288 1467 1503 1579 1747 1820 1915 2019 
89 113 235 411 460 731 816 832 1002 1060 1182 1225 1289 1468 1504 1580 1656 1821 1916 2020 
90 114 236 412 461 732 817 833 1003 1061 1183 1226 1290 1469 1505 1581 1657 1822 1917 2021 
91 115 237 413 462 733 818 834 1004 1062 1184 1227 1291 1470 1506 1582 1658 1823 1918 2022 
0 116 238 414 463 734 819 835 1005 1063 1185 1228 1292 1471 1507 1583 1659 1824 1919 2023 
98 312 408 507 564 723 783 961 1033 1116 1267 1302 1452 1472 1608 1705 1748 1840 1932 2024 
99 313 409 508 565 724 784 962 1034 1117 1268 1303 1453 1473 1609 1706 1749 1841 1933 2025 
100 314 410 509 566 725 785 963 1035 1118 1269 1304 1454 1474 1610 1707 1750 1842 1934 2026 
101 315 411 510 567 726 786 964 1036 1119 1270 1305 1455 1475 1611 1708 1751 1843 1935 2027 
102 316 412 511 568 727 787 965 1037 1120 1271 1306 1456 1476 1612 1709 1752 1844 1936 2028 
103 317 413 512 569 728 788 966 1038 1121 1272 1307 1457 1477 1613 1710 1753 1845 1937 2029 
104 318 414 513 570 729 789 967 1039 1122 1273 1308 1458 1478 1614 1711 1754 1846 1938 2030 
105 319 415 514 571 730 790 968 1040 1123 1274 1309 1459 1479 1615 1712 1755 1847 1939 2031 
106 320 416 515 572 731 791 969 1041 1124 1275 1310 1460 1480 1616 1713 1756 1848 1940 2032 
107 321 417 516 573 732 792 970 1042 1125 1276 1311 1461 1481 1617 1714 1757 1849 1941 2033 
108 322 418 517 574 733 793 971 1043 1126 1277 1312 1462 1482 1618 1715 1758 1850 1942 2034 
109 323 419 518 575 734 794 972 1044 1127 1278 1313 1463 1483 1619 1716 1759 1851 1943 2035 
110 324 420 519 576 735 795 973 1045 1128 1279 1314 1464 1484 1620 1717 1760 1852 1944 2036 
111 325 421 520 577 644 796 974 1046 1129 1280 1315 1465 1485 1621 1718 1761 1853 1945 2037 
112 326 422 521 578 645 797 975 1047 1130 1281 1316 1466 1486 1622 1719 1762 1854 1946 2038 
113 327 423 522 579 646 798 976 1048 1131 1282 1317 1467 1487 1623 1720 1763 1855 1947 2039 
114 328 424 523 580 647 799 977 1049 1132 1283 1318 1468 1488 1624 1721 1764 1856 1948 2040 
115 329 425 524 581 648 800 978 1050 1133 1284 1319 1469 1489 1625 1722 1765 1857 1949 2041 
116 330 426 525 582 649 801 979 1051 1134 1285 1320 1470 1490 1626 1723 1766 1858 1950 2042 
117 331 427 526 583 650 802 980 1052 1135 1286 1321 1471 1491 1627 1724 1767 1859 1951 2043 
118 332 428 527 584 651 803 981 1053 1136 1287 1322 1380 1492 1628 1725 1768 1860 1952 2044 
119 333 429 528 585 652 804 982 1054 1137 1196 1323 1381 1493 1629 1726 1769 1861 1953 2045 
120 334 430 529 586 653 805 983 1055 1138 1197 1324 1382 1494 1630 1727 1770 1862 1954 2046 
121 335 431 530 587 654 806 984 1056 1139 1198 1325 1383 1495 1631 1728 1771 1863 1955 2047 
122 336 432 531 588 655 807 985 1057 1140 1199 1326 1384 1496 1632 1729 1772 1864 1956 2048 
123 337 433 532 589 656 808 986 1058 1141 1200 1327 1385 1497 1633 1730 1773 1865 1957 2049 
124 338 434 533 590 657 809 987 1059 1142 1201 1328 1386 1498 1634 1731 1774 1866 1958 2050 
125 339 435 534 591 658 810 988 1060 1143 1202 1329 1387 1499 1635 1732 1775 1867 1959 2051 
126 340 436 535 592 659 811 989 1061 1144 1203 1330 1388 1500 1636 1733 1776 1868 1960 2052 
127 341 437 536 593 660 812 990 1062 1145 1204 1331 1389 1501 1637 1734 1777 1869 1961 2053 
128 342 438 537 594 661 813 991 1063 1146 1205 1332 1390 1502 1638 1735 1778 1870 1962 2054 
129 343 439 538 595 662 814 992 1064 1147 1206 1333 1391 1503 1639 1736 1779 1871 1963 2055 
130 344 440 539 596 663 815 993 1065 1148 1207 1334 1392 1504 1640 1737 1780 1872 1964 2056 
131 345 441 540 597 664 816 994 1066 1149 1208 1335 1393 1505 1641 1738 1781 1873 1965 2057 
132 346 442 541 598 665 817 995 1067 1150 1209 1336 1394 1506 1642 1739 1782 1874 1966 2058 
133 347 443 542 599 666 818 996 1068 1151 1210 1337 1395 1507 1643 1740 1783 1875 1967 2059 
134 348 444 543 600 667 819 997 1069 1152 1211 1338 1396 1508 1644 1741 1784 1876 1968 2060 
135 349 445 544 601 668 820 998 1070 1153 1212 1339 1397 1509 1645 1742 1785 1877 1969 2061 
136 350 446 545 602 669 821 999 1071 1154 1213 1340 1398 1510 1646 1743 1786 1878 1970 2062 
137 351 447 546 603 670 822 1000 1072 1155 1214 1341 1399 1511 1647 1744 1787 1879 1971 2063 
138 352 448 547 604 671 823 1001 1073 1156 1215 1342 1400 1512 1648 1745 1788 1880 1972 2064 
139 353 449 548 605 672 824 1002 1074 1157 1216 1343 1401 1513 1649 1746 1789 1881 1973 2065 
140 354 450 549 606 673 825 1003 1075 1158 1217 1344 1402 1514 1650 1747 1790 1882 1974 2066 
141 355 451 550 607 674 826 1004 1076 1159 1218 1345 1403 1515 1651 1656 1791 1883 1975 2067 
142 356 452 551 608 675 827 1005 1077 1160 1219 1346 1404 1516 1652 1657 1792 1884 1976 2068 
143 357 453 460 609 676 736 1006 1078 1161 1220 1347 1405 1517 1653 1658 1793 1885 1977 2069 
144 358 454 461 610 677 737 1007 1079 1162 1221 1348 1406 1518 1654 1659 1794 1886 1978 2070 
145 359 455 462 611 678 738 1008 1080 1163 1222 1349 1407 1519 1655 1660 1795 1887 1979 2071 
146 360 456 463 612 679 739 1009 1081 1164 1223 1350 1408 1520 1564 1661 1796 1888 1980 2072 
147 361 457 464 613 680 740 1010 1082 1165 1224 1351 1409 1521 1565 1662 1797 1889 1981 2073 
148 362 458 465 614 681 741 1011 1083 1166 1225 1352 1410 1522 1566 1663 1798 1890 1982 2074 
149 363 459 466 615 682 742 920 1084 1167 1226 1353 1411 1523 1567 1664 1799 1891 1983 2075 
150 364 368 467 616 683 743 921 1085 1168 1227 1354 1412 1524 1568 1665 1800 1892 1984 2076 
151 365 369 468 617 684 744 922 1086 1169 1228 1355 1413 1525 1569 1666 1801 1893 1985 2077 
152 366 370 469 618 685 745 923 1087 1170 1229 1356 1414 1526 1570 1667 1802 1894 1986 2078 
153 367 371 470 619 686 746 924 1088 1171 1230 1357 1415 1527 1571 1668 1803 1895 1987 2079 
154 276 372 471 620 687 747 925 1089 1172 1231 1358 1416 1528 1572 1669 1804 1896 1988 2080 
155 277 373 472 621 688 748 926 1090 1173 1232 1359 1417 1529 1573 1670 1805 1897 1989 2081 
156 278 374 473 622 689 749 927 1091 1174 1233 1360 1418 1530 1574 1671 1806 1898 1990 2082 
157 279 375 474 623 690 750 928 1092 1175 1234 1361 1419 1531 1575 1672 1807 1899 1991 2083 
158 280 376 475 624 691 751 929 1093 1176 1235 1362 1420 1532 1576 1673 1808 1900 1992 2084 
159 281 377 476 625 692 752 930 1094 1177 1236 1363 1421 1533 1577 1674 1809 1901 1993 2085 
160 282 378 477 626 693 753 931 1095 1178 1237 1364 1422 1534 1578 1675 1810 1902 1994 2086 
161 283 379 478 627 694 754 932 1096 1179 1238 1365 1423 1535 1579 1676 1811 1903 1995 2087 
162 284 380 479 628 695 755 933 1097 1180 1239 1366 1424 1536 1580 1677 1812 1904 1996 2088 
163 285 381 480 629 696 756 934 1098 1181 1240 1367 1425 1537 1581 1678 1813 1905 1997 2089 
164 286 382 481 630 697 757 935 1099 1182 1241 1368 1426 1538 1582 1679 1814 1906 1998 2090 
165 287 383 482 631 698 758 936 1100 1183 1242 1369 1427 1539 1583 1680 1815 1907 1999 2091 
166 288 384 483 632 699 759 937 1101 1184 1243 1370 1428 1540 1584 1681 1816 1908 2000 2092 
167 289 385 484 633 700 760 938 1102 1185 1244 1371 1429 1541 1585 1682 1817 1909 2001 2093 
168 290 386 485 634 701 761 939 1103 1186 1245 1372 1430 1542 1586 1683 1818 1910 2002 2094 
169 291 387 486 635 702 762 940 1012 1187 1246 1373 1431 1543 1587 1684 1819 1911 2003 2095 
170 292 388 487 636 703 763 941 1013 1188 1247 1374 1432 1544 1588 1685 1820 1912 2004 2096 
171 293 389 488 637 704 764 942 1014 1189 1248 1375 1433 1545 1589 1686 1821 1913 2005 2097 
172 294 390 489 638 705 765 943 1015 1190 1249 1376 1434 1546 1590 1687 1822 1914 2006 2098 
173 295 391 490 639 706 766 944 1016 1191 1250 1377 1435 1547 1591 1688 1823 1915 2007 2099 
174 296 392 491 640 707 767 945 1017 1192 1251 1378 1436 1548 1592 1689 1824 1916 2008 2100 
175 297 393 492 641 708 768 946 1018 1193 1252 1379 1437 1549 1593 1690 1825 1917 2009 2101 
176 298 394 493 642 709 769 947 1019 1194 1253 1288 1438 1550 1594 1691 1826 1918 2010 2102 
177 299 395 494 643 710 770 948 1020 1195 1254 1289 1439 1551 1595 1692 1827 1919 2011 2103 
178 300 396 495 552 711 771 949 1021 1104 1255 1290 1440 1552 1596 1693 1828 1920 2012 2104 
179 301 397 496 553 712 772 950 1022 1105 1256 1291 1441 1553 1597 1694 1829 1921 2013 2105 
180 302 398 497 554 713 773 951 1023 1106 1257 1292 1442 1554 1598 1695 1830 1922 2014 2106 
181 303 399 498 555 714 774 952 1024 1107 1258 1293 1443 1555 1599 1696 1831 1923 2015 2107 
182 304 400 499 556 715 775 953 1025 1108 1259 1294 1444 1556 1600 1697 1832 1924 2016 2108 
183 305 401 500 557 716 776 954 1026 1109 1260 1295 1445 1557 1601 1698 1833 1925 2017 2109 
92 306 402 501 558 717 777 955 1027 1110 1261 1296 1446 1558 1602 1699 1834 1926 2018 2110 
93 307 403 502 559 718 778 956 1028 1111 1262 1297 1447 1559 1603 1700 1835 1927 2019 2111 
94 308 404 503 560 719 779 957 1029 1112 1263 1298 1448 1560 1604 1701 1836 1928 2020 2112 
95 309 405 504 561 720 780 958 1030 1113 1264 1299 1449 1561 1605 1702 1837 1929 2021 2113 
96 310 406 505 562 721 781 959 1031 1114 1265 1300 1450 1562 1606 1703 1838 1930 2022 2114 
97 311 407 506 563 722 782 960 1032 1115 1266 1301 1451 1563 1607 1704 1839 1931 2023 2115 
51 173 267 280 435 573 767 852 1011 1073 1185 1205 1374 1458 1532 1652 1723 1763 2024 2116 
52 174 268 281 436 574 768 853 920 1074 1186 1206 1375 1459 1533 1653 1724 1764 2025 2117 
53 175 269 282 437 575 769 854 921 1075 1187 1207 1376 1460 1534 1654 1725 1765 2026 2118 
54 176 270 283 438 576 770 855 922 1076 1188 1208 1377 1461 1535 1655 1726 1766 2027 2119 
55 177 271 284 439 577 771 856 923 1077 1189 1209 1378 1462 1536 1564 1727 1767 2028 2120 
56 178 272 285 440 578 772 857 924 1078 1190 1210 1379 1463 1537 1565 1728 1768 2029 2121 
57 179 273 286 441 579 773 858 925 1079 1191 1211 1288 1464 1538 1566 1729 1769 2030 2122 
58 180 274 287 442 580 774 859 926 1080 1192 1212 1289 1465 1539 1567 1730 1770 2031 2123 
59 181 275 288 443 581 775 860 927 1081 1193 1213 1290 1466 1540 1568 1731 1771 2032 2124 
60 182 184 289 444 582 776 861 928 1082 1194 1214 1291 1467 1541 1569 1732 1772 2033 2125 
61 183 185 290 445 583 777 862 929 1083 1195 1215 1292 1468 1542 1570 1733 1773 2034 2126 
62 92 186 291 446 584 778 863 930 1084 1104 1216 1293 1469 1543 1571 1734 1774 2035 2127 
63 93 187 292 447 585 779 864 931 1085 1105 1217 1294 1470 1544 1572 1735 1775 2036 2128 
64 94 188 293 448 586 780 865 932 1086 1106 1218 1295 1471 1545 1573 1736 1776 2037 2129 
65 95 189 294 449 587 781 866 933 1087 1107 1219 1296 1380 1546 1574 1737 1777 2038 2130 
66 96 190 295 450 588 782 867 934 1088 1108 1220 1297 1381 1547 1575 1738 1778 2039 2131 
67 97 191 296 451 589 783 868 935 1089 1109 1221 1298 1382 1548 1576 1739 1779 2040 2132 
68 98 192 297 452 590 784 869 936 1090 1110 1222 1299 1383 1549 1577 1740 1780 2041 2133 
69 99 193 298 453 591 785 870 937 1091 1111 1223 1300 1384 1550 1578 1741 1781 2042 2134 
70 100 194 299 454 592 786 871 938 1092 1112 1224 1301 1385 1551 1579 1742 1782 2043 2135 
71 101 195 300 455 593 787 872 939 1093 1113 1225 1302 1386 1552 1580 1743 1783 2044 2136 
72 102 196 301 456 594 788 873 940 1094 1114 1226 1303 1387 1553 1581 1744 1784 2045 2137 
73 103 197 302 457 595 789 874 941 1095 1115 1227 1304 1388 1554 1582 1745 1785 2046 2138 
74 104 198 303 458 596 790 875 942 1096 1116 1228 1305 1389 1555 1583 1746 1786 2047 2139 
75 105 199 304 459 597 791 876 943 1097 1117 1229 1306 1390 1556 1584 1747 1787 2048 2140 
76 106 200 305 368 598 792 877 944 1098 1118 1230 1307 1391 1557 1585 1656 1788 2049 2141 
77 107 201 306 369 599 793 878 945 1099 1119 1231 1308 1392 1558 1586 1657 1789 2050 2142 
78 108 202 307 370 600 794 879 946 1100 1120 1232 1309 1393 1559 1587 1658 1790 2051 2143 
79 109 203 308 371 601 795 880 947 1101 1121 1233 1310 1394 1560 1588 1659 1791 2052 2144 
80 110 204 309 372 602 796 881 948 1102 1122 1234 1311 1395 1561 1589 1660 1792 2053 2145 
81 111 205 310 373 603 797 882 949 1103 1123 1235 1312 1396 1562 1590 1661 1793 2054 2146 
82 112 206 311 374 604 798 883 950 1012 1124 1236 1313 1397 1563 1591 1662 1794 2055 2147 
83 113 207 312 375 605 799 884 951 1013 1125 1237 1314 1398 1472 1592 1663 1795 2056 2148 
84 114 208 313 376 606 800 885 952 1014 1126 1238 1315 1399 1473 1593 1664 1796 2057 2149 
85 115 209 314 377 607 801 886 953 1015 1127 1239 1316 1400 1474 1594 1665 1797 2058 2150 
86 116 210 315 378 608 802 887 954 1016 1128 1240 1317 1401 1475 1595 1666 1798 2059 2151 
87 117 211 316 379 609 803 888 955 1017 1129 1241 1318 1402 1476 1596 1667 1799 2060 2152 
88 118 212 317 380 610 804 889 956 1018 1130 1242 1319 1403 1477 1597 1668 1800 2061 2153 
89 119 213 318 381 611 805 890 957 1019 1131 1243 1320 1404 1478 1598 1669 1801 2062 2154 
90 120 214 319 382 612 806 891 958 1020 1132 1244 1321 1405 1479 1599 1670 1802 2063 2155 
91 121 215 320 383 613 807 892 959 1021 1133 1245 1322 1406 1480 1600 1671 1803 2064 2156 
0 122 216 321 384 614 808 893 960 1022 1134 1246 1323 1407 1481 1601 1672 1804 2065 2157 
1 123 217 322 385 615 809 894 961 1023 1135 1247 1324 1408 1482 1602 1673 1805 2066 2158 
2 124 218 323 386 616 810 895 962 1024 1136 1248 1325 1409 1483 1603 1674 1806 2067 2159 
3 125 219 324 387 617 811 896 963 1025 1137 1249 1326 1410 1484 1604 1675 1807 2068 2160 
4 126 220 325 388 618 812 897 964 1026 1138 1250 1327 1411 1485 1605 1676 1808 2069 2161 
5 127 221 326 389 619 813 898 965 1027 1139 1251 1328 1412 1486 1606 1677 1809 2070 2162 
6 128 222 327 390 620 814 899 966 1028 1140 1252 1329 1413 1487 1607 1678 1810 2071 2163 
7 129 223 328 391 621 815 900 967 1029 1141 1253 1330 1414 1488 1608 1679 1811 2072 2164 
8 130 224 329 392 622 816 901 968 1030 1142 1254 1331 1415 1489 1609 1680 1812 2073 2165 
9 131 225 330 393 623 817 902 969 1031 1143 1255 1332 1416 1490 1610 1681 1813 2074 2166 
10 132 226 331 394 624 818 903 970 1032 1144 1256 1333 1417 1491 1611 1682 1814 2075 2167 
11 133 227 332 395 625 819 904 971 1033 1145 1257 1334 1418 1492 1612 1683 1815 2076 2168 
12 134 228 333 396 626 820 905 972 1034 1146 1258 1335 1419 1493 1613 1684 1816 2077 2169 
13 135 229 334 397 627 821 906 973 1035 1147 1259 1336 1420 1494 1614 1685 1817 2078 2170 
14 136 230 335 398 628 822 907 974 1036 1148 1260 1337 1421 1495 1615 1686 1818 2079 2171 
15 137 231 336 399 629 823 908 975 1037 1149 1261 1338 1422 1496 1616 1687 1819 2080 2172 
16 138 232 337 400 630 824 909 976 1038 1150 1262 1339 1423 1497 1617 1688 1820 2081 2173 
17 139 233 338 401 631 825 910 977 1039 1151 1263 1340 1424 1498 1618 1689 1821 2082 2174 
18 140 234 339 402 632 826 911 978 1040 1152 1264 1341 1425 1499 1619 1690 1822 2083 2175 
19 141 235 340 403 633 827 912 979 1041 1153 1265 1342 1426 1500 1620 1691 1823 2084 2176 
20 142 236 341 404 634 736 913 980 1042 1154 1266 1343 1427 1501 1621 1692 1824 2085 2177 
21 143 237 342 405 635 737 914 981 1043 1155 1267 1344 1428 1502 1622 1693 1825 2086 2178 
22 144 238 343 406 636 738 915 982 1044 1156 1268 1345 1429 1503 1623 1694 1826 2087 2179 
23 145 239 344 407 637 739 916 983 1045 1157 1269 1346 1430 1504 1624 1695 1827 2088 2180 
24 146 240 345 408 638 740 917 984 1046 1158 1270 1347 1431 1505 1625 1696 1828 2089 2181 
25 147 241 346 409 639 741 918 985 1047 1159 1271 1348 1432 1506 1626 1697 1829 2090 2182 
26 148 242 347 410 640 742 919 986 1048 1160 1272 1349 1433 1507 1627 1698 1830 2091 2183 
27 149 243 348 411 641 743 828 987 1049 1161 1273 1350 1434 1508 1628 1699 1831 2092 2184 
28 150 244 349 412 642 744 829 988 1050 1162 1274 1351 1435 1509 1629 1700 1832 2093 2185 
29 151 245 350 413 643 745 830 989 1051 1163 1275 1352 1436 1510 1630 1701 1833 2094 2186 
30 152 246 351 414 552 746 831 990 1052 1164 1276 1353 1437 1511 1631 1702 1834 2095 2187 
31 153 247 352 415 553 747 832 991 1053 1165 1277 1354 1438 1512 1632 1703 1835 2096 2188 
32 154 248 353 416 554 748 833 992 1054 1166 1278 1355 1439 1513 1633 1704 1836 2097 2189 
33 155 249 354 417 555 749 834 993 1055 1167 1279 1356 1440 1514 1634 1705 1837 2098 2190 
34 156 250 355 418 556 750 835 994 1056 1168 1280 1357 1441 1515 1635 1706 1838 2099 2191 
35 157 251 356 419 557 751 836 995 1057 1169 1281 1358 1442 1516 1636 1707 1839 2100 2192 
36 158 252 357 420 558 752 837 996 1058 1170 1282 1359 1443 1517 1637 1708 1748 2101 2193 
37 159 253 358 421 559 753 838 997 1059 1171 1283 1360 1444 1518 1638 1709 1749 2102 2194 
38 160 254 359 422 560 754 839 998 1060 1172 1284 1361 1445 1519 1639 1710 1750 2103 2195 
39 161 255 360 423 561 755 840 999 1061 1173 1285 1362 1446 1520 1640 1711 1751 2104 2196 
40 162 256 361 424 562 756 841 1000 1062 1174 1286 1363 1447 1521 1641 1712 1752 2105 2197 
41 163 257 362 425 563 757 842 1001 1063 1175 1287 1364 1448 1522 1642 1713 1753 2106 2198 
42 164 258 363 426 564 758 843 1002 1064 1176 1196 1365 1449 1523 1643 1714 1754 2107 2199 
43 165 259 364 427 565 759 844 1003 1065 1177 1197 1366 1450 1524 1644 1715 1755 2108 2200 
44 166 260 365 428 566 760 845 1004 1066 1178 1198 1367 1451 1525 1645 1716 1756 2109 2201 
45 167 261 366 429 567 761 846 1005 1067 1179 1199 1368 1452 1526 1646 1717 1757 2110 2202 
46 168 262 367 430 568 762 847 1006 1068 1180 1200 1369 1453 1527 1647 1718 1758 2111 2203 
47 169 263 276 431 569 763 848 1007 1069 1181 1201 1370 1454 1528 1648 1719 1759 2112 2204 
48 170 264 277 432 570 764 849 1008 1070 1182 1202 1371 1455 1529 1649 1720 1760 2113 2205 
49 171 265 278 433 571 765 850 1009 1071 1183 1203 1372 1456 1530 1650 1721 1761 2114 2206 
50 172 266 279 434 572 766 851 1010 1072 1184 1204 1373 1457 1531 1651 1722 1762 2115 2207 
50 234 291 496 565 654 747 848 973 1102 1133 1196 1345 1410 1556 1564 1667 1814 1920 2116 
51 235 292 497 566 655 748 849 974 1103 1134 1197 1346 1411 1557 1565 1668 1815 1921 2117 
52 236 293 498 567 656 749 850 975 1012 1135 1198 1347 1412 1558 1566 1669 1816 1922 2118 
53 237 294 499 568 657 750 851 976 1013 1136 1199 1348 1413 1559 1567 1670 1817 1923 2119 
54 238 295 500 569 658 751 852 977 1014 1137 1200 1349 1414 1560 1568 1671 1818 1924 2120 
55 239 296 501 570 659 752 853 978 1015 1138 1201 1350 1415 1561 1569 1672 1819 1925 2121 
56 240 297 502 571 660 753 854 979 1016 1139 1202 1351 1416 1562 1570 1673 1820 1926 2122 
57 241 298 503 572 661 754 855 980 1017 1140 1203 1352 1417 1563 1571 1674 1821 1927 2123 
58 242 299 504 573 662 755 856 981 1018 1141 1204 1353 1418 1472 1572 1675 1822 1928 2124 
59 243 300 505 574 663 756 857 982 1019 1142 1205 1354 1419 1473 1573 1676 1823 1929 2125 
60 244 301 506 575 664 757 858 983 1020 1143 1206 1355 1420 1474 1574 1677 1824 1930 2126 
61 245 302 507 576 665 758 859 984 1021 1144 1207 1356 1421 1475 1575 1678 1825 1931 2127 
62 246 303 508 577 666 759 860 985 1022 1145 1208 1357 1422 1476 1576 1679 1826 1840 2128 
63 247 304 509 578 667 760 861 986 1023 1146 1209 1358 1423 1477 1577 1680 1827 1841 2129 
64 248 305 510 579 668 761 862 987 1024 1147 1210 1359 1424 1478 1578 1681 1828 1842 2130 
65 249 306 511 580 669 762 863 988 1025 1148 1211 1360 1425 1479 1579 1682 1829 1843 2131 
66 250 307 512 581 670 763 864 989 1026 1149 1212 1361 1426 1480 1580 1683 1830 1844 2132 
67 251 308 513 582 671 764 865 990 1027 1150 1213 1362 1427 1481 1581 1684 1831 1845 2133 
68 252 309 514 583 672 765 866 991 1028 1151 1214 1363 1428 1482 1582 1685 1832 1846 2134 
69 253 310 515 584 673 766 867 992 1029 1152 1215 1364 1429 1483 1583 1686 1833 1847 2135 
70 254 311 516 585 674 767 868 993 1030 1153 1216 1365 1430 1484 1584 1687 1834 1848 2136 
71 255 312 517 586 675 768 869 994 1031 1154 1217 1366 1431 1485 1585 1688 1835 1849 2137 
72 256 313 518 587 676 769 870 995 1032 1155 1218 1367 1432 1486 1586 1689 1836 1850 2138 
73 257 314 519 588 677 770 871 996 1033 1156 1219 1368 1433 1487 1587 1690 1837 1851 2139 
74 258 315 520 589 678 771 872 997 1034 1157 1220 1369 1434 1488 1588 1691 1838 1852 2140 
75 259 316 521 590 679 772 873 998 1035 1158 1221 1370 1435 1489 1589 1692 1839 1853 2141 
76 260 317 522 591 680 773 874 999 1036 1159 1222 1371 1436 1490 1590 1693 1748 1854 2142 
77 261 318 523 592 681 774 875 1000 1037 1160 1223 1372 1437 1491 1591 1694 1749 1855 2143 
78 262 319 524 593 682 775 876 1001 1038 1161 1224 1373 1438 1492 1592 1695 1750 1856 2144 
79 263 320 525 594 683 776 877 1002 1039 1162 1225 1374 1439 1493 1593 1696 1751 1857 2145 
80 264 321 526 595 684 777 878 1003 1040 1163 1226 1375 1440 1494 1594 1697 1752 1858 2146 
81 265 322 527 596 685 778 879 1004 1041 1164 1227 1376 1441 1495 1595 1698 1753 1859 2147 
82 266 323 528 597 686 779 880 1005 1042 1165 1228 1377 1442 1496 1596 1699 1754 1860 2148 
83 267 324 529 598 687 780 881 1006 1043 1166 1229 1378 1443 1497 1597 1700 1755 1861 2149 
84 268 325 530 599 688 781 882 1007 1044 1167 1230 1379 1444 1498 1598 1701 1756 1862 2150 
85 269 326 531 600 689 782 883 1008 1045 1168 1231 1288 1445 1499 1599 1702 1757 1863 2151 
86 270 327 532 601 690 783 884 1009 1046 1169 1232 1289 1446 1500 1600 1703 1758 1864 2152 
87 271 328 533 602 691 784 885 1010 1047 1170 1233 1290 1447 1501 1601 1704 1759 1865 2153 
88 272 329 534 603 692 785 886 1011 1048 1171 1234 1291 1448 1502 1602 1705 1760 1866 2154 
89 273 330 535 604 693 786 887 920 1049 1172 1235 1292 1449 1503 1603 1706 1761 1867 2155 
90 274 331 536 605 694 787 888 921 1050 1173 1236 1293 1450 1504 1604 1707 1762 1868 2156 
91 275 332 537 606 695 788 889 922 1051 1174 1237 1294 1451 1505 1605 1708 1763 1869 2157 
0 184 333 538 607 696 789 890 923 1052 1175 1238 1295 1452 1506 1606 1709 1764 1870 2158 
1 185 334 539 608 697 790 891 924 1053 1176 1239 1296 1453 1507 1607 1710 1765 1871 2159 
2 186 335 540 609 698 791 892 925 1054 1177 1240 1297 1454 1508 1608 1711 1766 1872 2160 
3 187 336 541 610 699 792 893 926 1055 1178 1241 1298 1455 1509 1609 1712 1767 1873 2161 
4 188 337 542 611 700 793 894 927 1056 1179 1242 1299 1456 1510 1610 1713 1768 1874 2162 
5 189 338 543 612 701 794 895 928 1057 1180 1243 1300 1457 1511 1611 1714 1769 1875 2163 
6 190 339 544 613 702 795 896 929 1058 1181 1244 1301 1458 1512 1612 1715 1770 1876 2164 
7 191 340 545 614 703 796 897 930 1059 1182 1245 1302 1459 1513 1613 1716 1771 1877 2165 
8 192 341 546 615 704 797 898 931 1060 1183 1246 1303 1460 1514 1614 1717 1772 1878 2166 
9 193 342 547 616 705 798 899 932 1061 1184 1247 1304 1461 1515 1615 1718 1773 1879 2167 
10 194 343 548 617 706 799 900 933 1062 1185 1248 1305 1462 1516 1616 1719 1774 1880 2168 
11 195 344 549 618 707 800 901 934 1063 1186 1249 1306 1463 1517 1617 1720 1775 1881 2169 
12 196 345 550 619 708 801 902 935 1064 1187 1250 1307 1464 1518 1618 1721 1776 1882 2170 
13 197 346 551 620 709 802 903 936 1065 1188 1251 1308 1465 1519 1619 1722 1777 1883 2171 
14 198 347 460 621 710 803 904 937 1066 1189 1252 1309 1466 1520 1620 1723 1778 1884 2172 
15 199 348 461 622 711 804 905 938 1067 1190 1253 1310 1467 1521 1621 1724 1779 1885 2173 
16 200 349 462 623 712 805 906 939 1068 1191 1254 1311 1468 1522 1622 1725 1780 1886 2174 
17 201 350 463 624 713 806 907 940 1069 1192 1255 1312 1469 1523 1623 1726 1781 1887 2175 
18 202 351 464 625 714 807 908 941 1070 1193 1256 1313 1470 1524 1624 1727 1782 1888 2176 
19 203 352 465 626 715 808 909 942 1071 1194 1257 1314 1471 1525 1625 1728 1783 1889 2177 
20 204 353 466 627 716 809 910 943 1072 1195 1258 1315 1380 1526 1626 1729 1784 1890 2178 
21 205 354 467 628 717 810 911 944 1073 1104 1259 1316 1381 1527 1627 1730 1785 1891 2179 
22 206 355 468 629 718 811 912 945 1074 1105 1260 1317 1382 1528 1628 1731 1786 1892 2180 
23 207 356 469 630 719 812 913 946 1075 1106 1261 1318 1383 1529 1629 1732 1787 1893 2181 
24 208 357 470 631 720 813 914 947 1076 1107 1262 1319 1384 1530 1630 1733 1788 1894 2182 
25 209 358 471 632 721 814 915 948 1077 1108 1263 1320 1385 1531 1631 1734 1789 1895 2183 
26 210 359 472 633 722 815 916 949 1078 1109 1264 1321 1386 1532 1632 1735 1790 1896 2184 
27 211 360 473 634 723 816 917 950 1079 1110 1265 1322 1387 1533 1633 1736 1791 1897 2185 
28 212 361 474 635 724 817 918 951 1080 1111 1266 1323 1388 1534 1634 1737 1792 1898 2186 
29 213 362 475 636 725 818 919 952 1081 1112 1267 1324 1389 1535 1635 1738 1793 1899 2187 
30 214 363 476 637 726 819 828 953 1082 1113 1268 1325 1390 1536 1636 1739 1794 1900 2188 
31 215 364 477 638 727 820 829 954 1083 1114 1269 1326 1391 1537 1637 1740 1795 1901 2189 
32 216 365 478 639 728 821 830 955 1084 1115 1270 1327 1392 1538 1638 1741 1796 1902 2190 
33 217 366 479 640 729 822 831 956 1085 1116 1271 1328 1393 1539 1639 1742 1797 1903 2191 
34 218 367 480 641 730 823 832 957 1086 1117 1272 1329 1394 1540 1640 1743 1798 1904 2192 
35 219 276 481 642 731 824 833 958 1087 1118 1273 1330 1395 1541 1641 1744 1799 1905 2193 
36 220 277 482 643 732 825 834 959 1088 1119 1274 1331 1396 1542 1642 1745 1800 1906 2194 
37 221 278 483 552 733 826 835 960 1089 1120 1275 1332 1397 1543 1643 1746 1801 1907 2195 
38 222 279 484 553 734 827 836 961 1090 1121 1276 1333 1398 1544 1644 1747 1802 1908 2196 
39 223 280 485 554 735 736 837 962 1091 1122 1277 1334 1399 1545 1645 1656 1803 1909 2197 
40 224 281 486 555 644 737 838 963 1092 1123 1278 1335 1400 1546 1646 1657 1804 1910 2198 
41 225 282 487 556 645 738 839 964 1093 1124 1279 1336 1401 1547 1647 1658 1805 1911 2199 
42 226 283 488 557 646 739 840 965 1094 1125 1280 1337 1402 1548 1648 1659 1806 1912 2200 
43 227 284 489 558 647 740 841 966 1095 1126 1281 1338 1403 1549 1649 1660 1807 1913 2201 
44 228 285 490 559 648 741 842 967 1096 1127 1282 1339 1404 1550 1650 1661 1808 1914 2202 
45 229 286 491 560 649 742 843 968 1097 1128 1283 1340 1405 1551 1651 1662 1809 1915 2203 
46 230 287 492 561 650 743 844 969 1098 1129 1284 1341 1406 1552 1652 1663 1810 1916 2204 
47 231 288 493 562 651 744 845 970 1099 1130 1285 1342 1407 1553 1653 1664 1811 1917 2205 
48 232 289 494 563 652 745 846 971 1100 1131 1286 1343 1408 1554 1654 1665 1812 1918 2206 
49 233 290 495 564 653 746 847 972 1101 1132 1287 1344 1409 1555 1655 1666 1813 1919 2207 

