94 257 791 911 1111 1196 
95 258 792 912 1112 1197 
96 259 793 913 1113 1198 
97 260 794 914 1114 1199 
98 261 795 915 1115 1200 
99 262 796 916 1116 1201 
100 263 797 917 1117 1202 
101 264 798 918 1118 1203 
102 265 799 919 1119 1204 
103 266 800 828 1120 1205 
104 267 801 829 1121 1206 
105 268 802 830 1122 1207 
106 269 803 831 1123 1208 
107 270 804 832 1124 1209 
108 271 805 833 1125 1210 
109 272 806 834 1126 1211 
110 273 807 835 1127 1212 
111 274 808 836 1128 1213 
112 275 809 837 1129 1214 
113 184 810 838 1130 1215 
114 185 811 839 1131 1216 
115 186 812 840 1132 1217 
116 187 813 841 1133 1218 
117 188 814 842 1134 1219 
118 189 815 843 1135 1220 
119 190 816 844 1136 1221 
120 191 817 845 1137 1222 
121 192 818 846 1138 1223 
122 193 819 847 1139 1224 
123 194 820 848 1140 1225 
124 195 821 849 1141 1226 
125 196 822 850 1142 1227 
126 197 823 851 1143 1228 
127 198 824 852 1144 1229 
128 199 825 853 1145 1230 
129 200 826 854 1146 1231 
130 201 827 855 1147 1232 
131 202 736 856 1148 1233 
132 203 737 857 1149 1234 
133 204 738 858 1150 1235 
134 205 739 859 1151 1236 
135 206 740 860 1152 1237 
136 207 741 861 1153 1238 
137 208 742 862 1154 1239 
138 209 743 863 1155 1240 
139 210 744 864 1156 1241 
140 211 745 865 1157 1242 
141 212 746 866 1158 1243 
142 213 747 867 1159 1244 
143 214 748 868 1160 1245 
144 215 749 869 1161 1246 
145 216 750 870 1162 1247 
146 217 751 871 1163 1248 
147 218 752 872 1164 1249 
148 219 753 873 1165 1250 
149 220 754 874 1166 1251 
150 221 755 875 1167 1252 
151 222 756 876 1168 1253 
152 223 757 877 1169 1254 
153 224 758 878 1170 1255 
154 225 759 879 1171 1256 
155 226 760 880 1172 1257 
156 227 761 881 1173 1258 
157 228 762 882 1174 1259 
158 229 763 883 1175 1260 
159 230 764 884 1176 1261 
160 231 765 885 1177 1262 
161 232 766 886 1178 1263 
162 233 767 887 1179 1264 
163 234 768 888 1180 1265 
164 235 769 889 1181 1266 
165 236 770 890 1182 1267 
166 237 771 891 1183 1268 
167 238 772 892 1184 1269 
168 239 773 893 1185 1270 
169 240 774 894 1186 1271 
170 241 775 895 1187 1272 
171 242 776 896 1188 1273 
172 243 777 897 1189 1274 
173 244 778 898 1190 1275 
174 245 779 899 1191 1276 
175 246 780 900 1192 1277 
176 247 781 901 1193 1278 
177 248 782 902 1194 1279 
178 249 783 903 1195 1280 
179 250 784 904 1104 1281 
180 251 785 905 1105 1282 
181 252 786 906 1106 1283 
182 253 787 907 1107 1284 
183 254 788 908 1108 1285 
92 255 789 909 1109 1286 
93 256 790 910 1110 1287 
61 231 801 853 1380 1472 
62 232 802 854 1381 1473 
63 233 803 855 1382 1474 
64 234 804 856 1383 1475 
65 235 805 857 1384 1476 
66 236 806 858 1385 1477 
67 237 807 859 1386 1478 
68 238 808 860 1387 1479 
69 239 809 861 1388 1480 
70 240 810 862 1389 1481 
71 241 811 863 1390 1482 
72 242 812 864 1391 1483 
73 243 813 865 1392 1484 
74 244 814 866 1393 1485 
75 245 815 867 1394 1486 
76 246 816 868 1395 1487 
77 247 817 869 1396 1488 
78 248 818 870 1397 1489 
79 249 819 871 1398 1490 
80 250 820 872 1399 1491 
81 251 821 873 1400 1492 
82 252 822 874 1401 1493 
83 253 823 875 1402 1494 
84 254 824 876 1403 1495 
85 255 825 877 1404 1496 
86 256 826 878 1405 1497 
87 257 827 879 1406 1498 
88 258 736 880 1407 1499 
89 259 737 881 1408 1500 
90 260 738 882 1409 1501 
91 261 739 883 1410 1502 
0 262 740 884 1411 1503 
1 263 741 885 1412 1504 
2 264 742 886 1413 1505 
3 265 743 887 1414 1506 
4 266 744 888 1415 1507 
5 267 745 889 1416 1508 
6 268 746 890 1417 1509 
7 269 747 891 1418 1510 
8 270 748 892 1419 1511 
9 271 749 893 1420 1512 
10 272 750 894 1421 1513 
11 273 751 895 1422 1514 
12 274 752 896 1423 1515 
13 275 753 897 1424 1516 
14 184 754 898 1425 1517 
15 185 755 899 1426 1518 
16 186 756 900 1427 1519 
17 187 757 901 1428 1520 
18 188 758 902 1429 1521 
19 189 759 903 1430 1522 
20 190 760 904 1431 1523 
21 191 761 905 1432 1524 
22 192 762 906 1433 1525 
23 193 763 907 1434 1526 
24 194 764 908 1435 1527 
25 195 765 909 1436 1528 
26 196 766 910 1437 1529 
27 197 767 911 1438 1530 
28 198 768 912 1439 1531 
29 199 769 913 1440 1532 
30 200 770 914 1441 1533 
31 201 771 915 1442 1534 
32 202 772 916 1443 1535 
33 203 773 917 1444 1536 
34 204 774 918 1445 1537 
35 205 775 919 1446 1538 
36 206 776 828 1447 1539 
37 207 777 829 1448 1540 
38 208 778 830 1449 1541 
39 209 779 831 1450 1542 
40 210 780 832 1451 1543 
41 211 781 833 1452 1544 
42 212 782 834 1453 1545 
43 213 783 835 1454 1546 
44 214 784 836 1455 1547 
45 215 785 837 1456 1548 
46 216 786 838 1457 1549 
47 217 787 839 1458 1550 
48 218 788 840 1459 1551 
49 219 789 841 1460 1552 
50 220 790 842 1461 1553 
51 221 791 843 1462 1554 
52 222 792 844 1463 1555 
53 223 793 845 1464 1556 
54 224 794 846 1465 1557 
55 225 795 847 1466 1558 
56 226 796 848 1467 1559 
57 227 797 849 1468 1560 
58 228 798 850 1469 1561 
59 229 799 851 1470 1562 
60 230 800 852 1471 1563 
223 636 869 992 1472 1564 
224 637 870 993 1473 1565 
225 638 871 994 1474 1566 
226 639 872 995 1475 1567 
227 640 873 996 1476 1568 
228 641 874 997 1477 1569 
229 642 875 998 1478 1570 
230 643 876 999 1479 1571 
231 552 877 1000 1480 1572 
232 553 878 1001 1481 1573 
233 554 879 1002 1482 1574 
234 555 880 1003 1483 1575 
235 556 881 1004 1484 1576 
236 557 882 1005 1485 1577 
237 558 883 1006 1486 1578 
238 559 884 1007 1487 1579 
239 560 885 1008 1488 1580 
240 561 886 1009 1489 1581 
241 562 887 1010 1490 1582 
242 563 888 1011 1491 1583 
243 564 889 920 1492 1584 
244 565 890 921 1493 1585 
245 566 891 922 1494 1586 
246 567 892 923 1495 1587 
247 568 893 924 1496 1588 
248 569 894 925 1497 1589 
249 570 895 926 1498 1590 
250 571 896 927 1499 1591 
251 572 897 928 1500 1592 
252 573 898 929 1501 1593 
253 574 899 930 1502 1594 
254 575 900 931 1503 1595 
255 576 901 932 1504 1596 
256 577 902 933 1505 1597 
257 578 903 934 1506 1598 
258 579 904 935 1507 1599 
259 580 905 936 1508 1600 
260 581 906 937 1509 1601 
261 582 907 938 1510 1602 
262 583 908 939 1511 1603 
263 584 909 940 1512 1604 
264 585 910 941 1513 1605 
265 586 911 942 1514 1606 
266 587 912 943 1515 1607 
267 588 913 944 1516 1608 
268 589 914 945 1517 1609 
269 590 915 946 1518 1610 
270 591 916 947 1519 1611 
271 592 917 948 1520 1612 
272 593 918 949 1521 1613 
273 594 919 950 1522 1614 
274 595 828 951 1523 1615 
275 596 829 952 1524 1616 
184 597 830 953 1525 1617 
185 598 831 954 1526 1618 
186 599 832 955 1527 1619 
187 600 833 956 1528 1620 
188 601 834 957 1529 1621 
189 602 835 958 1530 1622 
190 603 836 959 1531 1623 
191 604 837 960 1532 1624 
192 605 838 961 1533 1625 
193 606 839 962 1534 1626 
194 607 840 963 1535 1627 
195 608 841 964 1536 1628 
196 609 842 965 1537 1629 
197 610 843 966 1538 1630 
198 611 844 967 1539 1631 
199 612 845 968 1540 1632 
200 613 846 969 1541 1633 
201 614 847 970 1542 1634 
202 615 848 971 1543 1635 
203 616 849 972 1544 1636 
204 617 850 973 1545 1637 
205 618 851 974 1546 1638 
206 619 852 975 1547 1639 
207 620 853 976 1548 1640 
208 621 854 977 1549 1641 
209 622 855 978 1550 1642 
210 623 856 979 1551 1643 
211 624 857 980 1552 1644 
212 625 858 981 1553 1645 
213 626 859 982 1554 1646 
214 627 860 983 1555 1647 
215 628 861 984 1556 1648 
216 629 862 985 1557 1649 
217 630 863 986 1558 1650 
218 631 864 987 1559 1651 
219 632 865 988 1560 1652 
220 633 866 989 1561 1653 
221 634 867 990 1562 1654 
222 635 868 991 1563 1655 
187 329 842 938 1656 1748 
188 330 843 939 1657 1749 
189 331 844 940 1658 1750 
190 332 845 941 1659 1751 
191 333 846 942 1660 1752 
192 334 847 943 1661 1753 
193 335 848 944 1662 1754 
194 336 849 945 1663 1755 
195 337 850 946 1664 1756 
196 338 851 947 1665 1757 
197 339 852 948 1666 1758 
198 340 853 949 1667 1759 
199 341 854 950 1668 1760 
200 342 855 951 1669 1761 
201 343 856 952 1670 1762 
202 344 857 953 1671 1763 
203 345 858 954 1672 1764 
204 346 859 955 1673 1765 
205 347 860 956 1674 1766 
206 348 861 957 1675 1767 
207 349 862 958 1676 1768 
208 350 863 959 1677 1769 
209 351 864 960 1678 1770 
210 352 865 961 1679 1771 
211 353 866 962 1680 1772 
212 354 867 963 1681 1773 
213 355 868 964 1682 1774 
214 356 869 965 1683 1775 
215 357 870 966 1684 1776 
216 358 871 967 1685 1777 
217 359 872 968 1686 1778 
218 360 873 969 1687 1779 
219 361 874 970 1688 1780 
220 362 875 971 1689 1781 
221 363 876 972 1690 1782 
222 364 877 973 1691 1783 
223 365 878 974 1692 1784 
224 366 879 975 1693 1785 
225 367 880 976 1694 1786 
226 276 881 977 1695 1787 
227 277 882 978 1696 1788 
228 278 883 979 1697 1789 
229 279 884 980 1698 1790 
230 280 885 981 1699 1791 
231 281 886 982 1700 1792 
232 282 887 983 1701 1793 
233 283 888 984 1702 1794 
234 284 889 985 1703 1795 
235 285 890 986 1704 1796 
236 286 891 987 1705 1797 
237 287 892 988 1706 1798 
238 288 893 989 1707 1799 
239 289 894 990 1708 1800 
240 290 895 991 1709 1801 
241 291 896 992 1710 1802 
242 292 897 993 1711 1803 
243 293 898 994 1712 1804 
244 294 899 995 1713 1805 
245 295 900 996 1714 1806 
246 296 901 997 1715 1807 
247 297 902 998 1716 1808 
248 298 903 999 1717 1809 
249 299 904 1000 1718 1810 
250 300 905 1001 1719 1811 
251 301 906 1002 1720 1812 
252 302 907 1003 1721 1813 
253 303 908 1004 1722 1814 
254 304 909 1005 1723 1815 
255 305 910 1006 1724 1816 
256 306 911 1007 1725 1817 
257 307 912 1008 1726 1818 
258 308 913 1009 1727 1819 
259 309 914 1010 1728 1820 
260 310 915 1011 1729 1821 
261 311 916 920 1730 1822 
262 312 917 921 1731 1823 
263 313 918 922 1732 1824 
264 314 919 923 1733 1825 
265 315 828 924 1734 1826 
266 316 829 925 1735 1827 
267 317 830 926 1736 1828 
268 318 831 927 1737 1829 
269 319 832 928 1738 1830 
270 320 833 929 1739 1831 
271 321 834 930 1740 1832 
272 322 835 931 1741 1833 
273 323 836 932 1742 1834 
274 324 837 933 1743 1835 
275 325 838 934 1744 1836 
184 326 839 935 1745 1837 
185 327 840 936 1746 1838 
186 328 841 937 1747 1839 
103 257 554 875 1748 1840 
104 258 555 876 1749 1841 
105 259 556 877 1750 1842 
106 260 557 878 1751 1843 
107 261 558 879 1752 1844 
108 262 559 880 1753 1845 
109 263 560 881 1754 1846 
110 264 561 882 1755 1847 
111 265 562 883 1756 1848 
112 266 563 884 1757 1849 
113 267 564 885 1758 1850 
114 268 565 886 1759 1851 
115 269 566 887 1760 1852 
116 270 567 888 1761 1853 
117 271 568 889 1762 1854 
118 272 569 890 1763 1855 
119 273 570 891 1764 1856 
120 274 571 892 1765 1857 
121 275 572 893 1766 1858 
122 184 573 894 1767 1859 
123 185 574 895 1768 1860 
124 186 575 896 1769 1861 
125 187 576 897 1770 1862 
126 188 577 898 1771 1863 
127 189 578 899 1772 1864 
128 190 579 900 1773 1865 
129 191 580 901 1774 1866 
130 192 581 902 1775 1867 
131 193 582 903 1776 1868 
132 194 583 904 1777 1869 
133 195 584 905 1778 1870 
134 196 585 906 1779 1871 
135 197 586 907 1780 1872 
136 198 587 908 1781 1873 
137 199 588 909 1782 1874 
138 200 589 910 1783 1875 
139 201 590 911 1784 1876 
140 202 591 912 1785 1877 
141 203 592 913 1786 1878 
142 204 593 914 1787 1879 
143 205 594 915 1788 1880 
144 206 595 916 1789 1881 
145 207 596 917 1790 1882 
146 208 597 918 1791 1883 
147 209 598 919 1792 1884 
148 210 599 828 1793 1885 
149 211 600 829 1794 1886 
150 212 601 830 1795 1887 
151 213 602 831 1796 1888 
152 214 603 832 1797 1889 
153 215 604 833 1798 1890 
154 216 605 834 1799 1891 
155 217 606 835 1800 1892 
156 218 607 836 1801 1893 
157 219 608 837 1802 1894 
158 220 609 838 1803 1895 
159 221 610 839 1804 1896 
160 222 611 840 1805 1897 
161 223 612 841 1806 1898 
162 224 613 842 1807 1899 
163 225 614 843 1808 1900 
164 226 615 844 1809 1901 
165 227 616 845 1810 1902 
166 228 617 846 1811 1903 
167 229 618 847 1812 1904 
168 230 619 848 1813 1905 
169 231 620 849 1814 1906 
170 232 621 850 1815 1907 
171 233 622 851 1816 1908 
172 234 623 852 1817 1909 
173 235 624 853 1818 1910 
174 236 625 854 1819 1911 
175 237 626 855 1820 1912 
176 238 627 856 1821 1913 
177 239 628 857 1822 1914 
178 240 629 858 1823 1915 
179 241 630 859 1824 1916 
180 242 631 860 1825 1917 
181 243 632 861 1826 1918 
182 244 633 862 1827 1919 
183 245 634 863 1828 1920 
92 246 635 864 1829 1921 
93 247 636 865 1830 1922 
94 248 637 866 1831 1923 
95 249 638 867 1832 1924 
96 250 639 868 1833 1925 
97 251 640 869 1834 1926 
98 252 641 870 1835 1927 
99 253 642 871 1836 1928 
100 254 643 872 1837 1929 
101 255 552 873 1838 1930 
102 256 553 874 1839 1931 
462 703 990 1084 1932 2024 
463 704 991 1085 1933 2025 
464 705 992 1086 1934 2026 
465 706 993 1087 1935 2027 
466 707 994 1088 1936 2028 
467 708 995 1089 1937 2029 
468 709 996 1090 1938 2030 
469 710 997 1091 1939 2031 
470 711 998 1092 1940 2032 
471 712 999 1093 1941 2033 
472 713 1000 1094 1942 2034 
473 714 1001 1095 1943 2035 
474 715 1002 1096 1944 2036 
475 716 1003 1097 1945 2037 
476 717 1004 1098 1946 2038 
477 718 1005 1099 1947 2039 
478 719 1006 1100 1948 2040 
479 720 1007 1101 1949 2041 
480 721 1008 1102 1950 2042 
481 722 1009 1103 1951 2043 
482 723 1010 1012 1952 2044 
483 724 1011 1013 1953 2045 
484 725 920 1014 1954 2046 
485 726 921 1015 1955 2047 
486 727 922 1016 1956 2048 
487 728 923 1017 1957 2049 
488 729 924 1018 1958 2050 
489 730 925 1019 1959 2051 
490 731 926 1020 1960 2052 
491 732 927 1021 1961 2053 
492 733 928 1022 1962 2054 
493 734 929 1023 1963 2055 
494 735 930 1024 1964 2056 
495 644 931 1025 1965 2057 
496 645 932 1026 1966 2058 
497 646 933 1027 1967 2059 
498 647 934 1028 1968 2060 
499 648 935 1029 1969 2061 
500 649 936 1030 1970 2062 
501 650 937 1031 1971 2063 
502 651 938 1032 1972 2064 
503 652 939 1033 1973 2065 
504 653 940 1034 1974 2066 
505 654 941 1035 1975 2067 
506 655 942 1036 1976 2068 
507 656 943 1037 1977 2069 
508 657 944 1038 1978 2070 
509 658 945 1039 1979 2071 
510 659 946 1040 1980 2072 
511 660 947 1041 1981 2073 
512 661 948 1042 1982 2074 
513 662 949 1043 1983 2075 
514 663 950 1044 1984 2076 
515 664 951 1045 1985 2077 
516 665 952 1046 1986 2078 
517 666 953 1047 1987 2079 
518 667 954 1048 1988 2080 
519 668 955 1049 1989 2081 
520 669 956 1050 1990 2082 
521 670 957 1051 1991 2083 
522 671 958 1052 1992 2084 
523 672 959 1053 1993 2085 
524 673 960 1054 1994 2086 
525 674 961 1055 1995 2087 
526 675 962 1056 1996 2088 
527 676 963 1057 1997 2089 
528 677 964 1058 1998 2090 
529 678 965 1059 1999 2091 
530 679 966 1060 2000 2092 
531 680 967 1061 2001 2093 
532 681 968 1062 2002 2094 
533 682 969 1063 2003 2095 
534 683 970 1064 2004 2096 
535 684 971 1065 2005 2097 
536 685 972 1066 2006 2098 
537 686 973 1067 2007 2099 
538 687 974 1068 2008 2100 
539 688 975 1069 2009 2101 
540 689 976 1070 2010 2102 
541 690 977 1071 2011 2103 
542 691 978 1072 2012 2104 
543 692 979 1073 2013 2105 
544 693 980 1074 2014 2106 
545 694 981 1075 2015 2107 
546 695 982 1076 2016 2108 
547 696 983 1077 2017 2109 
548 697 984 1078 2018 2110 
549 698 985 1079 2019 2111 
550 699 986 1080 2020 2112 
551 700 987 1081 2021 2113 
460 701 988 1082 2022 2114 
461 702 989 1083 2023 2115 
191 341 775 877 2024 2116 
192 342 776 878 2025 2117 
193 343 777 879 2026 2118 
194 344 778 880 2027 2119 
195 345 779 881 2028 2120 
196 346 780 882 2029 2121 
197 347 781 883 2030 2122 
198 348 782 884 2031 2123 
199 349 783 885 2032 2124 
200 350 784 886 2033 2125 
201 351 785 887 2034 2126 
202 352 786 888 2035 2127 
203 353 787 889 2036 2128 
204 354 788 890 2037 2129 
205 355 789 891 2038 2130 
206 356 790 892 2039 2131 
207 357 791 893 2040 2132 
208 358 792 894 2041 2133 
209 359 793 895 2042 2134 
210 360 794 896 2043 2135 
211 361 795 897 2044 2136 
212 362 796 898 2045 2137 
213 363 797 899 2046 2138 
214 364 798 900 2047 2139 
215 365 799 901 2048 2140 
216 366 800 902 2049 2141 
217 367 801 903 2050 2142 
218 276 802 904 2051 2143 
219 277 803 905 2052 2144 
220 278 804 906 2053 2145 
221 279 805 907 2054 2146 
222 280 806 908 2055 2147 
223 281 807 909 2056 2148 
224 282 808 910 2057 2149 
225 283 809 911 2058 2150 
226 284 810 912 2059 2151 
227 285 811 913 2060 2152 
228 286 812 914 2061 2153 
229 287 813 915 2062 2154 
230 288 814 916 2063 2155 
231 289 815 917 2064 2156 
232 290 816 918 2065 2157 
233 291 817 919 2066 2158 
234 292 818 828 2067 2159 
235 293 819 829 2068 2160 
236 294 820 830 2069 2161 
237 295 821 831 2070 2162 
238 296 822 832 2071 2163 
239 297 823 833 2072 2164 
240 298 824 834 2073 2165 
241 299 825 835 2074 2166 
242 300 826 836 2075 2167 
243 301 827 837 2076 2168 
244 302 736 838 2077 2169 
245 303 737 839 2078 2170 
246 304 738 840 2079 2171 
247 305 739 841 2080 2172 
248 306 740 842 2081 2173 
249 307 741 843 2082 2174 
250 308 742 844 2083 2175 
251 309 743 845 2084 2176 
252 310 744 846 2085 2177 
253 311 745 847 2086 2178 
254 312 746 848 2087 2179 
255 313 747 849 2088 2180 
256 314 748 850 2089 2181 
257 315 749 851 2090 2182 
258 316 750 852 2091 2183 
259 317 751 853 2092 2184 
260 318 752 854 2093 2185 
261 319 753 855 2094 2186 
262 320 754 856 2095 2187 
263 321 755 857 2096 2188 
264 322 756 858 2097 2189 
265 323 757 859 2098 2190 
266 324 758 860 2099 2191 
267 325 759 861 2100 2192 
268 326 760 862 2101 2193 
269 327 761 863 2102 2194 
270 328 762 864 2103 2195 
271 329 763 865 2104 2196 
272 330 764 866 2105 2197 
273 331 765 867 2106 2198 
274 332 766 868 2107 2199 
275 333 767 869 2108 2200 
184 334 768 870 2109 2201 
185 335 769 871 2110 2202 
186 336 770 872 2111 2203 
187 337 771 873 2112 2204 
188 338 772 874 2113 2205 
189 339 773 875 2114 2206 
190 340 774 876 2115 2207 
43 526 685 1038 1111 2116 
44 527 686 1039 1112 2117 
45 528 687 1040 1113 2118 
46 529 688 1041 1114 2119 
47 530 689 1042 1115 2120 
48 531 690 1043 1116 2121 
49 532 691 1044 1117 2122 
50 533 692 1045 1118 2123 
51 534 693 1046 1119 2124 
52 535 694 1047 1120 2125 
53 536 695 1048 1121 2126 
54 537 696 1049 1122 2127 
55 538 697 1050 1123 2128 
56 539 698 1051 1124 2129 
57 540 699 1052 1125 2130 
58 541 700 1053 1126 2131 
59 542 701 1054 1127 2132 
60 543 702 1055 1128 2133 
61 544 703 1056 1129 2134 
62 545 704 1057 1130 2135 
63 546 705 1058 1131 2136 
64 547 706 1059 1132 2137 
65 548 707 1060 1133 2138 
66 549 708 1061 1134 2139 
67 550 709 1062 1135 2140 
68 551 710 1063 1136 2141 
69 460 711 1064 1137 2142 
70 461 712 1065 1138 2143 
71 462 713 1066 1139 2144 
72 463 714 1067 1140 2145 
73 464 715 1068 1141 2146 
74 465 716 1069 1142 2147 
75 466 717 1070 1143 2148 
76 467 718 1071 1144 2149 
77 468 719 1072 1145 2150 
78 469 720 1073 1146 2151 
79 470 721 1074 1147 2152 
80 471 722 1075 1148 2153 
81 472 723 1076 1149 2154 
82 473 724 1077 1150 2155 
83 474 725 1078 1151 2156 
84 475 726 1079 1152 2157 
85 476 727 1080 1153 2158 
86 477 728 1081 1154 2159 
87 478 729 1082 1155 2160 
88 479 730 1083 1156 2161 
89 480 731 1084 1157 2162 
90 481 732 1085 1158 2163 
91 482 733 1086 1159 2164 
0 483 734 1087 1160 2165 
1 484 735 1088 1161 2166 
2 485 644 1089 1162 2167 
3 486 645 1090 1163 2168 
4 487 646 1091 1164 2169 
5 488 647 1092 1165 2170 
6 489 648 1093 1166 2171 
7 490 649 1094 1167 2172 
8 491 650 1095 1168 2173 
9 492 651 1096 1169 2174 
10 493 652 1097 1170 2175 
11 494 653 1098 1171 2176 
12 495 654 1099 1172 2177 
13 496 655 1100 1173 2178 
14 497 656 1101 1174 2179 
15 498 657 1102 1175 2180 
16 499 658 1103 1176 2181 
17 500 659 1012 1177 2182 
18 501 660 1013 1178 2183 
19 502 661 1014 1179 2184 
20 503 662 1015 1180 2185 
21 504 663 1016 1181 2186 
22 505 664 1017 1182 2187 
23 506 665 1018 1183 2188 
24 507 666 1019 1184 2189 
25 508 667 1020 1185 2190 
26 509 668 1021 1186 2191 
27 510 669 1022 1187 2192 
28 511 670 1023 1188 2193 
29 512 671 1024 1189 2194 
30 513 672 1025 1190 2195 
31 514 673 1026 1191 2196 
32 515 674 1027 1192 2197 
33 516 675 1028 1193 2198 
34 517 676 1029 1194 2199 
35 518 677 1030 1195 2200 
36 519 678 1031 1104 2201 
37 520 679 1032 1105 2202 
38 521 680 1033 1106 2203 
39 522 681 1034 1107 2204 
40 523 682 1035 1108 2205 
41 524 683 1036 1109 2206 
42 525 684 1037 1110 2207 
119 482 631 653 1024 1196 1288 
120 483 632 654 1025 1197 1289 
121 484 633 655 1026 1198 1290 
122 485 634 656 1027 1199 1291 
123 486 635 657 1028 1200 1292 
124 487 636 658 1029 1201 1293 
125 488 637 659 1030 1202 1294 
126 489 638 660 1031 1203 1295 
127 490 639 661 1032 1204 1296 
128 491 640 662 1033 1205 1297 
129 492 641 663 1034 1206 1298 
130 493 642 664 1035 1207 1299 
131 494 643 665 1036 1208 1300 
132 495 552 666 1037 1209 1301 
133 496 553 667 1038 1210 1302 
134 497 554 668 1039 1211 1303 
135 498 555 669 1040 1212 1304 
136 499 556 670 1041 1213 1305 
137 500 557 671 1042 1214 1306 
138 501 558 672 1043 1215 1307 
139 502 559 673 1044 1216 1308 
140 503 560 674 1045 1217 1309 
141 504 561 675 1046 1218 1310 
142 505 562 676 1047 1219 1311 
143 506 563 677 1048 1220 1312 
144 507 564 678 1049 1221 1313 
145 508 565 679 1050 1222 1314 
146 509 566 680 1051 1223 1315 
147 510 567 681 1052 1224 1316 
148 511 568 682 1053 1225 1317 
149 512 569 683 1054 1226 1318 
150 513 570 684 1055 1227 1319 
151 514 571 685 1056 1228 1320 
152 515 572 686 1057 1229 1321 
153 516 573 687 1058 1230 1322 
154 517 574 688 1059 1231 1323 
155 518 575 689 1060 1232 1324 
156 519 576 690 1061 1233 1325 
157 520 577 691 1062 1234 1326 
158 521 578 692 1063 1235 1327 
159 522 579 693 1064 1236 1328 
160 523 580 694 1065 1237 1329 
161 524 581 695 1066 1238 1330 
162 525 582 696 1067 1239 1331 
163 526 583 697 1068 1240 1332 
164 527 584 698 1069 1241 1333 
165 528 585 699 1070 1242 1334 
166 529 586 700 1071 1243 1335 
167 530 587 701 1072 1244 1336 
168 531 588 702 1073 1245 1337 
169 532 589 703 1074 1246 1338 
170 533 590 704 1075 1247 1339 
171 534 591 705 1076 1248 1340 
172 535 592 706 1077 1249 1341 
173 536 593 707 1078 1250 1342 
174 537 594 708 1079 1251 1343 
175 538 595 709 1080 1252 1344 
176 539 596 710 1081 1253 1345 
177 540 597 711 1082 1254 1346 
178 541 598 712 1083 1255 1347 
179 542 599 713 1084 1256 1348 
180 543 600 714 1085 1257 1349 
181 544 601 715 1086 1258 1350 
182 545 602 716 1087 1259 1351 
183 546 603 717 1088 1260 1352 
92 547 604 718 1089 1261 1353 
93 548 605 719 1090 1262 1354 
94 549 606 720 1091 1263 1355 
95 550 607 721 1092 1264 1356 
96 551 608 722 1093 1265 1357 
97 460 609 723 1094 1266 1358 
98 461 610 724 1095 1267 1359 
99 462 611 725 1096 1268 1360 
100 463 612 726 1097 1269 1361 
101 464 613 727 1098 1270 1362 
102 465 614 728 1099 1271 1363 
103 466 615 729 1100 1272 1364 
104 467 616 730 1101 1273 1365 
105 468 617 731 1102 1274 1366 
106 469 618 732 1103 1275 1367 
107 470 619 733 1012 1276 1368 
108 471 620 734 1013 1277 1369 
109 472 621 735 1014 1278 1370 
110 473 622 644 1015 1279 1371 
111 474 623 645 1016 1280 1372 
112 475 624 646 1017 1281 1373 
113 476 625 647 1018 1282 1374 
114 477 626 648 1019 1283 1375 
115 478 627 649 1020 1284 1376 
116 479 628 650 1021 1285 1377 
117 480 629 651 1022 1286 1378 
118 481 630 652 1023 1287 1379 
300 390 541 677 1012 1288 1380 
301 391 542 678 1013 1289 1381 
302 392 543 679 1014 1290 1382 
303 393 544 680 1015 1291 1383 
304 394 545 681 1016 1292 1384 
305 395 546 682 1017 1293 1385 
306 396 547 683 1018 1294 1386 
307 397 548 684 1019 1295 1387 
308 398 549 685 1020 1296 1388 
309 399 550 686 1021 1297 1389 
310 400 551 687 1022 1298 1390 
311 401 460 688 1023 1299 1391 
312 402 461 689 1024 1300 1392 
313 403 462 690 1025 1301 1393 
314 404 463 691 1026 1302 1394 
315 405 464 692 1027 1303 1395 
316 406 465 693 1028 1304 1396 
317 407 466 694 1029 1305 1397 
318 408 467 695 1030 1306 1398 
319 409 468 696 1031 1307 1399 
320 410 469 697 1032 1308 1400 
321 411 470 698 1033 1309 1401 
322 412 471 699 1034 1310 1402 
323 413 472 700 1035 1311 1403 
324 414 473 701 1036 1312 1404 
325 415 474 702 1037 1313 1405 
326 416 475 703 1038 1314 1406 
327 417 476 704 1039 1315 1407 
328 418 477 705 1040 1316 1408 
329 419 478 706 1041 1317 1409 
330 420 479 707 1042 1318 1410 
331 421 480 708 1043 1319 1411 
332 422 481 709 1044 1320 1412 
333 423 482 710 1045 1321 1413 
334 424 483 711 1046 1322 1414 
335 425 484 712 1047 1323 1415 
336 426 485 713 1048 1324 1416 
337 427 486 714 1049 1325 1417 
338 428 487 715 1050 1326 1418 
339 429 488 716 1051 1327 1419 
340 430 489 717 1052 1328 1420 
341 431 490 718 1053 1329 1421 
342 432 491 719 1054 1330 1422 
343 433 492 720 1055 1331 1423 
344 434 493 721 1056 1332 1424 
345 435 494 722 1057 1333 1425 
346 436 495 723 1058 1334 1426 
347 437 496 724 1059 1335 1427 
348 438 497 725 1060 1336 1428 
349 439 498 726 1061 1337 1429 
350 440 499 727 1062 1338 1430 
351 441 500 728 1063 1339 1431 
352 442 501 729 1064 1340 1432 
353 443 502 730 1065 1341 1433 
354 444 503 731 1066 1342 1434 
355 445 504 732 1067 1343 1435 
356 446 505 733 1068 1344 1436 
357 447 506 734 1069 1345 1437 
358 448 507 735 1070 1346 1438 
359 449 508 644 1071 1347 1439 
360 450 509 645 1072 1348 1440 
361 451 510 646 1073 1349 1441 
362 452 511 647 1074 1350 1442 
363 453 512 648 1075 1351 1443 
364 454 513 649 1076 1352 1444 
365 455 514 650 1077 1353 1445 
366 456 515 651 1078 1354 1446 
367 457 516 652 1079 1355 1447 
276 458 517 653 1080 1356 1448 
277 459 518 654 1081 1357 1449 
278 368 519 655 1082 1358 1450 
279 369 520 656 1083 1359 1451 
280 370 521 657 1084 1360 1452 
281 371 522 658 1085 1361 1453 
282 372 523 659 1086 1362 1454 
283 373 524 660 1087 1363 1455 
284 374 525 661 1088 1364 1456 
285 375 526 662 1089 1365 1457 
286 376 527 663 1090 1366 1458 
287 377 528 664 1091 1367 1459 
288 378 529 665 1092 1368 1460 
289 379 530 666 1093 1369 1461 
290 380 531 667 1094 1370 1462 
291 381 532 668 1095 1371 1463 
292 382 533 669 1096 1372 1464 
293 383 534 670 1097 1373 1465 
294 384 535 671 1098 1374 1466 
295 385 536 672 1099 1375 1467 
296 386 537 673 1100 1376 1468 
297 387 538 674 1101 1377 1469 
298 388 539 675 1102 1378 1470 
299 389 540 676 1103 1379 1471 
414 500 726 1091 1104 1564 1656 
415 501 727 1092 1105 1565 1657 
416 502 728 1093 1106 1566 1658 
417 503 729 1094 1107 1567 1659 
418 504 730 1095 1108 1568 1660 
419 505 731 1096 1109 1569 1661 
420 506 732 1097 1110 1570 1662 
421 507 733 1098 1111 1571 1663 
422 508 734 1099 1112 1572 1664 
423 509 735 1100 1113 1573 1665 
424 510 644 1101 1114 1574 1666 
425 511 645 1102 1115 1575 1667 
426 512 646 1103 1116 1576 1668 
427 513 647 1012 1117 1577 1669 
428 514 648 1013 1118 1578 1670 
429 515 649 1014 1119 1579 1671 
430 516 650 1015 1120 1580 1672 
431 517 651 1016 1121 1581 1673 
432 518 652 1017 1122 1582 1674 
433 519 653 1018 1123 1583 1675 
434 520 654 1019 1124 1584 1676 
435 521 655 1020 1125 1585 1677 
436 522 656 1021 1126 1586 1678 
437 523 657 1022 1127 1587 1679 
438 524 658 1023 1128 1588 1680 
439 525 659 1024 1129 1589 1681 
440 526 660 1025 1130 1590 1682 
441 527 661 1026 1131 1591 1683 
442 528 662 1027 1132 1592 1684 
443 529 663 1028 1133 1593 1685 
444 530 664 1029 1134 1594 1686 
445 531 665 1030 1135 1595 1687 
446 532 666 1031 1136 1596 1688 
447 533 667 1032 1137 1597 1689 
448 534 668 1033 1138 1598 1690 
449 535 669 1034 1139 1599 1691 
450 536 670 1035 1140 1600 1692 
451 537 671 1036 1141 1601 1693 
452 538 672 1037 1142 1602 1694 
453 539 673 1038 1143 1603 1695 
454 540 674 1039 1144 1604 1696 
455 541 675 1040 1145 1605 1697 
456 542 676 1041 1146 1606 1698 
457 543 677 1042 1147 1607 1699 
458 544 678 1043 1148 1608 1700 
459 545 679 1044 1149 1609 1701 
368 546 680 1045 1150 1610 1702 
369 547 681 1046 1151 1611 1703 
370 548 682 1047 1152 1612 1704 
371 549 683 1048 1153 1613 1705 
372 550 684 1049 1154 1614 1706 
373 551 685 1050 1155 1615 1707 
374 460 686 1051 1156 1616 1708 
375 461 687 1052 1157 1617 1709 
376 462 688 1053 1158 1618 1710 
377 463 689 1054 1159 1619 1711 
378 464 690 1055 1160 1620 1712 
379 465 691 1056 1161 1621 1713 
380 466 692 1057 1162 1622 1714 
381 467 693 1058 1163 1623 1715 
382 468 694 1059 1164 1624 1716 
383 469 695 1060 1165 1625 1717 
384 470 696 1061 1166 1626 1718 
385 471 697 1062 1167 1627 1719 
386 472 698 1063 1168 1628 1720 
387 473 699 1064 1169 1629 1721 
388 474 700 1065 1170 1630 1722 
389 475 701 1066 1171 1631 1723 
390 476 702 1067 1172 1632 1724 
391 477 703 1068 1173 1633 1725 
392 478 704 1069 1174 1634 1726 
393 479 705 1070 1175 1635 1727 
394 480 706 1071 1176 1636 1728 
395 481 707 1072 1177 1637 1729 
396 482 708 1073 1178 1638 1730 
397 483 709 1074 1179 1639 1731 
398 484 710 1075 1180 1640 1732 
399 485 711 1076 1181 1641 1733 
400 486 712 1077 1182 1642 1734 
401 487 713 1078 1183 1643 1735 
402 488 714 1079 1184 1644 1736 
403 489 715 1080 1185 1645 1737 
404 490 716 1081 1186 1646 1738 
405 491 717 1082 1187 1647 1739 
406 492 718 1083 1188 1648 1740 
407 493 719 1084 1189 1649 1741 
408 494 720 1085 1190 1650 1742 
409 495 721 1086 1191 1651 1743 
410 496 722 1087 1192 1652 1744 
411 497 723 1088 1193 1653 1745 
412 498 724 1089 1194 1654 1746 
413 499 725 1090 1195 1655 1747 
12 451 484 687 1063 1840 1932 
13 452 485 688 1064 1841 1933 
14 453 486 689 1065 1842 1934 
15 454 487 690 1066 1843 1935 
16 455 488 691 1067 1844 1936 
17 456 489 692 1068 1845 1937 
18 457 490 693 1069 1846 1938 
19 458 491 694 1070 1847 1939 
20 459 492 695 1071 1848 1940 
21 368 493 696 1072 1849 1941 
22 369 494 697 1073 1850 1942 
23 370 495 698 1074 1851 1943 
24 371 496 699 1075 1852 1944 
25 372 497 700 1076 1853 1945 
26 373 498 701 1077 1854 1946 
27 374 499 702 1078 1855 1947 
28 375 500 703 1079 1856 1948 
29 376 501 704 1080 1857 1949 
30 377 502 705 1081 1858 1950 
31 378 503 706 1082 1859 1951 
32 379 504 707 1083 1860 1952 
33 380 505 708 1084 1861 1953 
34 381 506 709 1085 1862 1954 
35 382 507 710 1086 1863 1955 
36 383 508 711 1087 1864 1956 
37 384 509 712 1088 1865 1957 
38 385 510 713 1089 1866 1958 
39 386 511 714 1090 1867 1959 
40 387 512 715 1091 1868 1960 
41 388 513 716 1092 1869 1961 
42 389 514 717 1093 1870 1962 
43 390 515 718 1094 1871 1963 
44 391 516 719 1095 1872 1964 
45 392 517 720 1096 1873 1965 
46 393 518 721 1097 1874 1966 
47 394 519 722 1098 1875 1967 
48 395 520 723 1099 1876 1968 
49 396 521 724 1100 1877 1969 
50 397 522 725 1101 1878 1970 
51 398 523 726 1102 1879 1971 
52 399 524 727 1103 1880 1972 
53 400 525 728 1012 1881 1973 
54 401 526 729 1013 1882 1974 
55 402 527 730 1014 1883 1975 
56 403 528 731 1015 1884 1976 
57 404 529 732 1016 1885 1977 
58 405 530 733 1017 1886 1978 
59 406 531 734 1018 1887 1979 
60 407 532 735 1019 1888 1980 
61 408 533 644 1020 1889 1981 
62 409 534 645 1021 1890 1982 
63 410 535 646 1022 1891 1983 
64 411 536 647 1023 1892 1984 
65 412 537 648 1024 1893 1985 
66 413 538 649 1025 1894 1986 
67 414 539 650 1026 1895 1987 
68 415 540 651 1027 1896 1988 
69 416 541 652 1028 1897 1989 
70 417 542 653 1029 1898 1990 
71 418 543 654 1030 1899 1991 
72 419 544 655 1031 1900 1992 
73 420 545 656 1032 1901 1993 
74 421 546 657 1033 1902 1994 
75 422 547 658 1034 1903 1995 
76 423 548 659 1035 1904 1996 
77 424 549 660 1036 1905 1997 
78 425 550 661 1037 1906 1998 
79 426 551 662 1038 1907 1999 
80 427 460 663 1039 1908 2000 
81 428 461 664 1040 1909 2001 
82 429 462 665 1041 1910 2002 
83 430 463 666 1042 1911 2003 
84 431 464 667 1043 1912 2004 
85 432 465 668 1044 1913 2005 
86 433 466 669 1045 1914 2006 
87 434 467 670 1046 1915 2007 
88 435 468 671 1047 1916 2008 
89 436 469 672 1048 1917 2009 
90 437 470 673 1049 1918 2010 
91 438 471 674 1050 1919 2011 
0 439 472 675 1051 1920 2012 
1 440 473 676 1052 1921 2013 
2 441 474 677 1053 1922 2014 
3 442 475 678 1054 1923 2015 
4 443 476 679 1055 1924 2016 
5 444 477 680 1056 1925 2017 
6 445 478 681 1057 1926 2018 
7 446 479 682 1058 1927 2019 
8 447 480 683 1059 1928 2020 
9 448 481 684 1060 1929 2021 
10 449 482 685 1061 1930 2022 
11 450 483 686 1062 1931 2023 

