1 25 55 119 124 187 204 224 254 268 298 321 341 360 396 428 436 461 488 504 
2 26 56 96 125 188 205 225 255 269 299 322 342 361 397 429 437 462 489 505 
3 27 57 97 126 189 206 226 256 270 300 323 343 362 398 430 438 463 490 506 
4 28 58 98 127 190 207 227 257 271 301 324 344 363 399 431 439 464 491 507 
5 29 59 99 128 191 208 228 258 272 302 325 345 364 400 408 440 465 492 508 
6 30 60 100 129 168 209 229 259 273 303 326 346 365 401 409 441 466 493 509 
7 31 61 101 130 169 210 230 260 274 304 327 347 366 402 410 442 467 494 510 
8 32 62 102 131 170 211 231 261 275 305 328 348 367 403 411 443 468 495 511 
9 33 63 103 132 171 212 232 262 276 306 329 349 368 404 412 444 469 496 512 
10 34 64 104 133 172 213 233 263 277 307 330 350 369 405 413 445 470 497 513 
11 35 65 105 134 173 214 234 240 278 308 331 351 370 406 414 446 471 498 514 
12 36 66 106 135 174 215 235 241 279 309 332 352 371 407 415 447 472 499 515 
13 37 67 107 136 175 192 236 242 280 310 333 353 372 384 416 448 473 500 516 
14 38 68 108 137 176 193 237 243 281 311 334 354 373 385 417 449 474 501 517 
15 39 69 109 138 177 194 238 244 282 288 335 355 374 386 418 450 475 502 518 
16 40 70 110 139 178 195 239 245 283 289 312 356 375 387 419 451 476 503 519 
17 41 71 111 140 179 196 216 246 284 290 313 357 376 388 420 452 477 480 520 
18 42 48 112 141 180 197 217 247 285 291 314 358 377 389 421 453 478 481 521 
19 43 49 113 142 181 198 218 248 286 292 315 359 378 390 422 454 479 482 522 
20 44 50 114 143 182 199 219 249 287 293 316 336 379 391 423 455 456 483 523 
21 45 51 115 120 183 200 220 250 264 294 317 337 380 392 424 432 457 484 524 
22 46 52 116 121 184 201 221 251 265 295 318 338 381 393 425 433 458 485 525 
23 47 53 117 122 185 202 222 252 266 296 319 339 382 394 426 434 459 486 526 
0 24 54 118 123 186 203 223 253 267 297 320 340 383 395 427 435 460 487 527 
30 84 112 143 156 175 215 257 285 300 335 350 360 384 428 433 456 480 504 528 
31 85 113 120 157 176 192 258 286 301 312 351 361 385 429 434 457 481 505 529 
32 86 114 121 158 177 193 259 287 302 313 352 362 386 430 435 458 482 506 530 
33 87 115 122 159 178 194 260 264 303 314 353 363 387 431 436 459 483 507 531 
34 88 116 123 160 179 195 261 265 304 315 354 364 388 408 437 460 484 508 532 
35 89 117 124 161 180 196 262 266 305 316 355 365 389 409 438 461 485 509 533 
36 90 118 125 162 181 197 263 267 306 317 356 366 390 410 439 462 486 510 534 
37 91 119 126 163 182 198 240 268 307 318 357 367 391 411 440 463 487 511 535 
38 92 96 127 164 183 199 241 269 308 319 358 368 392 412 441 464 488 512 536 
39 93 97 128 165 184 200 242 270 309 320 359 369 393 413 442 465 489 513 537 
40 94 98 129 166 185 201 243 271 310 321 336 370 394 414 443 466 490 514 538 
41 95 99 130 167 186 202 244 272 311 322 337 371 395 415 444 467 491 515 539 
42 72 100 131 144 187 203 245 273 288 323 338 372 396 416 445 468 492 516 540 
43 73 101 132 145 188 204 246 274 289 324 339 373 397 417 446 469 493 517 541 
44 74 102 133 146 189 205 247 275 290 325 340 374 398 418 447 470 494 518 542 
45 75 103 134 147 190 206 248 276 291 326 341 375 399 419 448 471 495 519 543 
46 76 104 135 148 191 207 249 277 292 327 342 376 400 420 449 472 496 520 544 
47 77 105 136 149 168 208 250 278 293 328 343 377 401 421 450 473 497 521 545 
24 78 106 137 150 169 209 251 279 294 329 344 378 402 422 451 474 498 522 546 
25 79 107 138 151 170 210 252 280 295 330 345 379 403 423 452 475 499 523 547 
26 80 108 139 152 171 211 253 281 296 331 346 380 404 424 453 476 500 524 548 
27 81 109 140 153 172 212 254 282 297 332 347 381 405 425 454 477 501 525 549 
28 82 110 141 154 173 213 255 283 298 333 348 382 406 426 455 478 502 526 550 
29 83 111 142 155 174 214 256 284 299 334 349 383 407 427 432 479 503 527 551 
3 33 59 76 115 165 199 216 259 277 297 321 350 366 396 424 451 471 528 552 
4 34 60 77 116 166 200 217 260 278 298 322 351 367 397 425 452 472 529 553 
5 35 61 78 117 167 201 218 261 279 299 323 352 368 398 426 453 473 530 554 
6 36 62 79 118 144 202 219 262 280 300 324 353 369 399 427 454 474 531 555 
7 37 63 80 119 145 203 220 263 281 301 325 354 370 400 428 455 475 532 556 
8 38 64 81 96 146 204 221 240 282 302 326 355 371 401 429 432 476 533 557 
9 39 65 82 97 147 205 222 241 283 303 327 356 372 402 430 433 477 534 558 
10 40 66 83 98 148 206 223 242 284 304 328 357 373 403 431 434 478 535 559 
11 41 67 84 99 149 207 224 243 285 305 329 358 374 404 408 435 479 536 560 
12 42 68 85 100 150 208 225 244 286 306 330 359 375 405 409 436 456 537 561 
13 43 69 86 101 151 209 226 245 287 307 331 336 376 406 410 437 457 538 562 
14 44 70 87 102 152 210 227 246 264 308 332 337 377 407 411 438 458 539 563 
15 45 71 88 103 153 211 228 247 265 309 333 338 378 384 412 439 459 540 564 
16 46 48 89 104 154 212 229 248 266 310 334 339 379 385 413 440 460 541 565 
17 47 49 90 105 155 213 230 249 267 311 335 340 380 386 414 441 461 542 566 
18 24 50 91 106 156 214 231 250 268 288 312 341 381 387 415 442 462 543 567 
19 25 51 92 107 157 215 232 251 269 289 313 342 382 388 416 443 463 544 568 
20 26 52 93 108 158 192 233 252 270 290 314 343 383 389 417 444 464 545 569 
21 27 53 94 109 159 193 234 253 271 291 315 344 360 390 418 445 465 546 570 
22 28 54 95 110 160 194 235 254 272 292 316 345 361 391 419 446 466 547 571 
23 29 55 72 111 161 195 236 255 273 293 317 346 362 392 420 447 467 548 572 
0 30 56 73 112 162 196 237 256 274 294 318 347 363 393 421 448 468 549 573 
1 31 57 74 113 163 197 238 257 275 295 319 348 364 394 422 449 469 550 574 
2 32 58 75 114 164 198 239 258 276 296 320 349 365 395 423 450 470 551 575 
2 50 87 132 157 178 203 236 245 282 293 332 345 366 396 428 443 474 488 552 
3 51 88 133 158 179 204 237 246 283 294 333 346 367 397 429 444 475 489 553 
4 52 89 134 159 180 205 238 247 284 295 334 347 368 398 430 445 476 490 554 
5 53 90 135 160 181 206 239 248 285 296 335 348 369 399 431 446 477 491 555 
6 54 91 136 161 182 207 216 249 286 297 312 349 370 400 408 447 478 492 556 
7 55 92 137 162 183 208 217 250 287 298 313 350 371 401 409 448 479 493 557 
8 56 93 138 163 184 209 218 251 264 299 314 351 372 402 410 449 456 494 558 
9 57 94 139 164 185 210 219 252 265 300 315 352 373 403 411 450 457 495 559 
10 58 95 140 165 186 211 220 253 266 301 316 353 374 404 412 451 458 496 560 
11 59 72 141 166 187 212 221 254 267 302 317 354 375 405 413 452 459 497 561 
12 60 73 142 167 188 213 222 255 268 303 318 355 376 406 414 453 460 498 562 
13 61 74 143 144 189 214 223 256 269 304 319 356 377 407 415 454 461 499 563 
14 62 75 120 145 190 215 224 257 270 305 320 357 378 384 416 455 462 500 564 
15 63 76 121 146 191 192 225 258 271 306 321 358 379 385 417 432 463 501 565 
16 64 77 122 147 168 193 226 259 272 307 322 359 380 386 418 433 464 502 566 
17 65 78 123 148 169 194 227 260 273 308 323 336 381 387 419 434 465 503 567 
18 66 79 124 149 170 195 228 261 274 309 324 337 382 388 420 435 466 480 568 
19 67 80 125 150 171 196 229 262 275 310 325 338 383 389 421 436 467 481 569 
20 68 81 126 151 172 197 230 263 276 311 326 339 360 390 422 437 468 482 570 
21 69 82 127 152 173 198 231 240 277 288 327 340 361 391 423 438 469 483 571 
22 70 83 128 153 174 199 232 241 278 289 328 341 362 392 424 439 470 484 572 
23 71 84 129 154 175 200 233 242 279 290 329 342 363 393 425 440 471 485 573 
0 48 85 130 155 176 201 234 243 280 291 330 343 364 394 426 441 472 486 574 
1 49 86 131 156 177 202 235 244 281 292 331 344 365 395 427 442 473 487 575 

