1 53 83 131 144 203 224 260 282 332 362 369 397 420 456 496 508 553 584 588 
2 54 56 132 145 204 225 261 283 333 363 370 398 421 457 497 509 554 585 589 
3 55 57 133 146 205 226 262 284 334 336 371 399 422 458 498 510 555 586 590 
4 28 58 134 147 206 227 263 285 335 337 372 400 423 459 499 511 556 587 591 
5 29 59 135 148 207 228 264 286 308 338 373 401 424 460 500 512 557 560 592 
6 30 60 136 149 208 229 265 287 309 339 374 402 425 461 501 513 558 561 593 
7 31 61 137 150 209 230 266 288 310 340 375 403 426 462 502 514 559 562 594 
8 32 62 138 151 210 231 267 289 311 341 376 404 427 463 503 515 532 563 595 
9 33 63 139 152 211 232 268 290 312 342 377 405 428 464 476 516 533 564 596 
10 34 64 112 153 212 233 269 291 313 343 378 406 429 465 477 517 534 565 597 
11 35 65 113 154 213 234 270 292 314 344 379 407 430 466 478 518 535 566 598 
12 36 66 114 155 214 235 271 293 315 345 380 408 431 467 479 519 536 567 599 
13 37 67 115 156 215 236 272 294 316 346 381 409 432 468 480 520 537 568 600 
14 38 68 116 157 216 237 273 295 317 347 382 410 433 469 481 521 538 569 601 
15 39 69 117 158 217 238 274 296 318 348 383 411 434 470 482 522 539 570 602 
16 40 70 118 159 218 239 275 297 319 349 384 412 435 471 483 523 540 571 603 
17 41 71 119 160 219 240 276 298 320 350 385 413 436 472 484 524 541 572 604 
18 42 72 120 161 220 241 277 299 321 351 386 414 437 473 485 525 542 573 605 
19 43 73 121 162 221 242 278 300 322 352 387 415 438 474 486 526 543 574 606 
20 44 74 122 163 222 243 279 301 323 353 388 416 439 475 487 527 544 575 607 
21 45 75 123 164 223 244 252 302 324 354 389 417 440 448 488 528 545 576 608 
22 46 76 124 165 196 245 253 303 325 355 390 418 441 449 489 529 546 577 609 
23 47 77 125 166 197 246 254 304 326 356 391 419 442 450 490 530 547 578 610 
24 48 78 126 167 198 247 255 305 327 357 364 392 443 451 491 531 548 579 611 
25 49 79 127 140 199 248 256 306 328 358 365 393 444 452 492 504 549 580 612 
26 50 80 128 141 200 249 257 307 329 359 366 394 445 453 493 505 550 581 613 
27 51 81 129 142 201 250 258 280 330 360 367 395 446 454 494 506 551 582 614 
0 52 82 130 143 202 251 259 281 331 361 368 396 447 455 495 507 552 583 615 
34 92 124 159 180 219 243 293 329 348 379 406 436 448 492 525 532 560 588 616 
35 93 125 160 181 220 244 294 330 349 380 407 437 449 493 526 533 561 589 617 
36 94 126 161 182 221 245 295 331 350 381 408 438 450 494 527 534 562 590 618 
37 95 127 162 183 222 246 296 332 351 382 409 439 451 495 528 535 563 591 619 
38 96 128 163 184 223 247 297 333 352 383 410 440 452 496 529 536 564 592 620 
39 97 129 164 185 196 248 298 334 353 384 411 441 453 497 530 537 565 593 621 
40 98 130 165 186 197 249 299 335 354 385 412 442 454 498 531 538 566 594 622 
41 99 131 166 187 198 250 300 308 355 386 413 443 455 499 504 539 567 595 623 
42 100 132 167 188 199 251 301 309 356 387 414 444 456 500 505 540 568 596 624 
43 101 133 140 189 200 224 302 310 357 388 415 445 457 501 506 541 569 597 625 
44 102 134 141 190 201 225 303 311 358 389 416 446 458 502 507 542 570 598 626 
45 103 135 142 191 202 226 304 312 359 390 417 447 459 503 508 543 571 599 627 
46 104 136 143 192 203 227 305 313 360 391 418 420 460 476 509 544 572 600 628 
47 105 137 144 193 204 228 306 314 361 364 419 421 461 477 510 545 573 601 629 
48 106 138 145 194 205 229 307 315 362 365 392 422 462 478 511 546 574 602 630 
49 107 139 146 195 206 230 280 316 363 366 393 423 463 479 512 547 575 603 631 
50 108 112 147 168 207 231 281 317 336 367 394 424 464 480 513 548 576 604 632 
51 109 113 148 169 208 232 282 318 337 368 395 425 465 481 514 549 577 605 633 
52 110 114 149 170 209 233 283 319 338 369 396 426 466 482 515 550 578 606 634 
53 111 115 150 171 210 234 284 320 339 370 397 427 467 483 516 551 579 607 635 
54 84 116 151 172 211 235 285 321 340 371 398 428 468 484 517 552 580 608 636 
55 85 117 152 173 212 236 286 322 341 372 399 429 469 485 518 553 581 609 637 
28 86 118 153 174 213 237 287 323 342 373 400 430 470 486 519 554 582 610 638 
29 87 119 154 175 214 238 288 324 343 374 401 431 471 487 520 555 583 611 639 
30 88 120 155 176 215 239 289 325 344 375 402 432 472 488 521 556 584 612 640 
31 89 121 156 177 216 240 290 326 345 376 403 433 473 489 522 557 585 613 641 
32 90 122 157 178 217 241 291 327 346 377 404 434 474 490 523 558 586 614 642 
33 91 123 158 179 218 242 292 328 347 378 405 435 475 491 524 559 587 615 643 
23 53 83 88 123 189 227 276 287 313 361 373 394 442 452 480 515 547 616 644 
24 54 56 89 124 190 228 277 288 314 362 374 395 443 453 481 516 548 617 645 
25 55 57 90 125 191 229 278 289 315 363 375 396 444 454 482 517 549 618 646 
26 28 58 91 126 192 230 279 290 316 336 376 397 445 455 483 518 550 619 647 
27 29 59 92 127 193 231 252 291 317 337 377 398 446 456 484 519 551 620 648 
0 30 60 93 128 194 232 253 292 318 338 378 399 447 457 485 520 552 621 649 
1 31 61 94 129 195 233 254 293 319 339 379 400 420 458 486 521 553 622 650 
2 32 62 95 130 168 234 255 294 320 340 380 401 421 459 487 522 554 623 651 
3 33 63 96 131 169 235 256 295 321 341 381 402 422 460 488 523 555 624 652 
4 34 64 97 132 170 236 257 296 322 342 382 403 423 461 489 524 556 625 653 
5 35 65 98 133 171 237 258 297 323 343 383 404 424 462 490 525 557 626 654 
6 36 66 99 134 172 238 259 298 324 344 384 405 425 463 491 526 558 627 655 
7 37 67 100 135 173 239 260 299 325 345 385 406 426 464 492 527 559 628 656 
8 38 68 101 136 174 240 261 300 326 346 386 407 427 465 493 528 532 629 657 
9 39 69 102 137 175 241 262 301 327 347 387 408 428 466 494 529 533 630 658 
10 40 70 103 138 176 242 263 302 328 348 388 409 429 467 495 530 534 631 659 
11 41 71 104 139 177 243 264 303 329 349 389 410 430 468 496 531 535 632 660 
12 42 72 105 112 178 244 265 304 330 350 390 411 431 469 497 504 536 633 661 
13 43 73 106 113 179 245 266 305 331 351 391 412 432 470 498 505 537 634 662 
14 44 74 107 114 180 246 267 306 332 352 364 413 433 471 499 506 538 635 663 
15 45 75 108 115 181 247 268 307 333 353 365 414 434 472 500 507 539 636 664 
16 46 76 109 116 182 248 269 280 334 354 366 415 435 473 501 508 540 637 665 
17 47 77 110 117 183 249 270 281 335 355 367 416 436 474 502 509 541 638 666 
18 48 78 111 118 184 250 271 282 308 356 368 417 437 475 503 510 542 639 667 
19 49 79 84 119 185 251 272 283 309 357 369 418 438 448 476 511 543 640 668 
20 50 80 85 120 186 224 273 284 310 358 370 419 439 449 477 512 544 641 669 
21 51 81 86 121 187 225 274 285 311 359 371 392 440 450 478 513 545 642 670 
22 52 82 87 122 188 226 275 286 312 360 372 393 441 451 479 514 546 643 671 
22 78 99 148 181 206 235 272 305 314 337 372 393 422 448 484 515 542 584 644 
23 79 100 149 182 207 236 273 306 315 338 373 394 423 449 485 516 543 585 645 
24 80 101 150 183 208 237 274 307 316 339 374 395 424 450 486 517 544 586 646 
25 81 102 151 184 209 238 275 280 317 340 375 396 425 451 487 518 545 587 647 
26 82 103 152 185 210 239 276 281 318 341 376 397 426 452 488 519 546 560 648 
27 83 104 153 186 211 240 277 282 319 342 377 398 427 453 489 520 547 561 649 
0 56 105 154 187 212 241 278 283 320 343 378 399 428 454 490 521 548 562 650 
1 57 106 155 188 213 242 279 284 321 344 379 400 429 455 491 522 549 563 651 
2 58 107 156 189 214 243 252 285 322 345 380 401 430 456 492 523 550 564 652 
3 59 108 157 190 215 244 253 286 323 346 381 402 431 457 493 524 551 565 653 
4 60 109 158 191 216 245 254 287 324 347 382 403 432 458 494 525 552 566 654 
5 61 110 159 192 217 246 255 288 325 348 383 404 433 459 495 526 553 567 655 
6 62 111 160 193 218 247 256 289 326 349 384 405 434 460 496 527 554 568 656 
7 63 84 161 194 219 248 257 290 327 350 385 406 435 461 497 528 555 569 657 
8 64 85 162 195 220 249 258 291 328 351 386 407 436 462 498 529 556 570 658 
9 65 86 163 168 221 250 259 292 329 352 387 408 437 463 499 530 557 571 659 
10 66 87 164 169 222 251 260 293 330 353 388 409 438 464 500 531 558 572 660 
11 67 88 165 170 223 224 261 294 331 354 389 410 439 465 501 504 559 573 661 
12 68 89 166 171 196 225 262 295 332 355 390 411 440 466 502 505 532 574 662 
13 69 90 167 172 197 226 263 296 333 356 391 412 441 467 503 506 533 575 663 
14 70 91 140 173 198 227 264 297 334 357 364 413 442 468 476 507 534 576 664 
15 71 92 141 174 199 228 265 298 335 358 365 414 443 469 477 508 535 577 665 
16 72 93 142 175 200 229 266 299 308 359 366 415 444 470 478 509 536 578 666 
17 73 94 143 176 201 230 267 300 309 360 367 416 445 471 479 510 537 579 667 
18 74 95 144 177 202 231 268 301 310 361 368 417 446 472 480 511 538 580 668 
19 75 96 145 178 203 232 269 302 311 362 369 418 447 473 481 512 539 581 669 
20 76 97 146 179 204 233 270 303 312 363 370 419 420 474 482 513 540 582 670 
21 77 98 147 180 205 234 271 304 313 336 371 392 421 475 483 514 541 583 671 

