38 73 251 279 343 364 
39 74 224 252 344 365 
40 75 225 253 345 366 
41 76 226 254 346 367 
42 77 227 255 347 368 
43 78 228 256 348 369 
44 79 229 257 349 370 
45 80 230 258 350 371 
46 81 231 259 351 372 
47 82 232 260 352 373 
48 83 233 261 353 374 
49 56 234 262 354 375 
50 57 235 263 355 376 
51 58 236 264 356 377 
52 59 237 265 357 378 
53 60 238 266 358 379 
54 61 239 267 359 380 
55 62 240 268 360 381 
28 63 241 269 361 382 
29 64 242 270 362 383 
30 65 243 271 363 384 
31 66 244 272 336 385 
32 67 245 273 337 386 
33 68 246 274 338 387 
34 69 247 275 339 388 
35 70 248 276 340 389 
36 71 249 277 341 390 
37 72 250 278 342 391 
5 75 233 277 420 448 
6 76 234 278 421 449 
7 77 235 279 422 450 
8 78 236 252 423 451 
9 79 237 253 424 452 
10 80 238 254 425 453 
11 81 239 255 426 454 
12 82 240 256 427 455 
13 83 241 257 428 456 
14 56 242 258 429 457 
15 57 243 259 430 458 
16 58 244 260 431 459 
17 59 245 261 432 460 
18 60 246 262 433 461 
19 61 247 263 434 462 
20 62 248 264 435 463 
21 63 249 265 436 464 
22 64 250 266 437 465 
23 65 251 267 438 466 
24 66 224 268 439 467 
25 67 225 269 440 468 
26 68 226 270 441 469 
27 69 227 271 442 470 
0 70 228 272 443 471 
1 71 229 273 444 472 
2 72 230 274 445 473 
3 73 231 275 446 474 
4 74 232 276 447 475 
67 168 265 296 448 476 
68 169 266 297 449 477 
69 170 267 298 450 478 
70 171 268 299 451 479 
71 172 269 300 452 480 
72 173 270 301 453 481 
73 174 271 302 454 482 
74 175 272 303 455 483 
75 176 273 304 456 484 
76 177 274 305 457 485 
77 178 275 306 458 486 
78 179 276 307 459 487 
79 180 277 280 460 488 
80 181 278 281 461 489 
81 182 279 282 462 490 
82 183 252 283 463 491 
83 184 253 284 464 492 
56 185 254 285 465 493 
57 186 255 286 466 494 
58 187 256 287 467 495 
59 188 257 288 468 496 
60 189 258 289 469 497 
61 190 259 290 470 498 
62 191 260 291 471 499 
63 192 261 292 472 500 
64 193 262 293 473 501 
65 194 263 294 474 502 
66 195 264 295 475 503 
67 109 266 298 504 532 
68 110 267 299 505 533 
69 111 268 300 506 534 
70 84 269 301 507 535 
71 85 270 302 508 536 
72 86 271 303 509 537 
73 87 272 304 510 538 
74 88 273 305 511 539 
75 89 274 306 512 540 
76 90 275 307 513 541 
77 91 276 280 514 542 
78 92 277 281 515 543 
79 93 278 282 516 544 
80 94 279 283 517 545 
81 95 252 284 518 546 
82 96 253 285 519 547 
83 97 254 286 520 548 
56 98 255 287 521 549 
57 99 256 288 522 550 
58 100 257 289 523 551 
59 101 258 290 524 552 
60 102 259 291 525 553 
61 103 260 292 526 554 
62 104 261 293 527 555 
63 105 262 294 528 556 
64 106 263 295 529 557 
65 107 264 296 530 558 
66 108 265 297 531 559 
39 73 170 271 532 560 
40 74 171 272 533 561 
41 75 172 273 534 562 
42 76 173 274 535 563 
43 77 174 275 536 564 
44 78 175 276 537 565 
45 79 176 277 538 566 
46 80 177 278 539 567 
47 81 178 279 540 568 
48 82 179 252 541 569 
49 83 180 253 542 570 
50 56 181 254 543 571 
51 57 182 255 544 572 
52 58 183 256 545 573 
53 59 184 257 546 574 
54 60 185 258 547 575 
55 61 186 259 548 576 
28 62 187 260 549 577 
29 63 188 261 550 578 
30 64 189 262 551 579 
31 65 190 263 552 580 
32 66 191 264 553 581 
33 67 192 265 554 582 
34 68 193 266 555 583 
35 69 194 267 556 584 
36 70 195 268 557 585 
37 71 168 269 558 586 
38 72 169 270 559 587 
150 199 294 324 588 616 
151 200 295 325 589 617 
152 201 296 326 590 618 
153 202 297 327 591 619 
154 203 298 328 592 620 
155 204 299 329 593 621 
156 205 300 330 594 622 
157 206 301 331 595 623 
158 207 302 332 596 624 
159 208 303 333 597 625 
160 209 304 334 598 626 
161 210 305 335 599 627 
162 211 306 308 600 628 
163 212 307 309 601 629 
164 213 280 310 602 630 
165 214 281 311 603 631 
166 215 282 312 604 632 
167 216 283 313 605 633 
140 217 284 314 606 634 
141 218 285 315 607 635 
142 219 286 316 608 636 
143 220 287 317 609 637 
144 221 288 318 610 638 
145 222 289 319 611 639 
146 223 290 320 612 640 
147 196 291 321 613 641 
148 197 292 322 614 642 
149 198 293 323 615 643 
63 93 235 273 616 644 
64 94 236 274 617 645 
65 95 237 275 618 646 
66 96 238 276 619 647 
67 97 239 277 620 648 
68 98 240 278 621 649 
69 99 241 279 622 650 
70 100 242 252 623 651 
71 101 243 253 624 652 
72 102 244 254 625 653 
73 103 245 255 626 654 
74 104 246 256 627 655 
75 105 247 257 628 656 
76 106 248 258 629 657 
77 107 249 259 630 658 
78 108 250 260 631 659 
79 109 251 261 632 660 
80 110 224 262 633 661 
81 111 225 263 634 662 
82 84 226 264 635 663 
83 85 227 265 636 664 
56 86 228 266 637 665 
57 87 229 267 638 666 
58 88 230 268 639 667 
59 89 231 269 640 668 
60 90 232 270 641 669 
61 91 233 271 642 670 
62 92 234 272 643 671 
15 150 209 334 343 644 
16 151 210 335 344 645 
17 152 211 308 345 646 
18 153 212 309 346 647 
19 154 213 310 347 648 
20 155 214 311 348 649 
21 156 215 312 349 650 
22 157 216 313 350 651 
23 158 217 314 351 652 
24 159 218 315 352 653 
25 160 219 316 353 654 
26 161 220 317 354 655 
27 162 221 318 355 656 
0 163 222 319 356 657 
1 164 223 320 357 658 
2 165 196 321 358 659 
3 166 197 322 359 660 
4 167 198 323 360 661 
5 140 199 324 361 662 
6 141 200 325 362 663 
7 142 201 326 363 664 
8 143 202 327 336 665 
9 144 203 328 337 666 
10 145 204 329 338 667 
11 146 205 330 339 668 
12 147 206 331 340 669 
13 148 207 332 341 670 
14 149 208 333 342 671 
55 162 191 205 320 364 392 
28 163 192 206 321 365 393 
29 164 193 207 322 366 394 
30 165 194 208 323 367 395 
31 166 195 209 324 368 396 
32 167 168 210 325 369 397 
33 140 169 211 326 370 398 
34 141 170 212 327 371 399 
35 142 171 213 328 372 400 
36 143 172 214 329 373 401 
37 144 173 215 330 374 402 
38 145 174 216 331 375 403 
39 146 175 217 332 376 404 
40 147 176 218 333 377 405 
41 148 177 219 334 378 406 
42 149 178 220 335 379 407 
43 150 179 221 308 380 408 
44 151 180 222 309 381 409 
45 152 181 223 310 382 410 
46 153 182 196 311 383 411 
47 154 183 197 312 384 412 
48 155 184 198 313 385 413 
49 156 185 199 314 386 414 
50 157 186 200 315 387 415 
51 158 187 201 316 388 416 
52 159 188 202 317 389 417 
53 160 189 203 318 390 418 
54 161 190 204 319 391 419 
108 134 165 201 308 392 420 
109 135 166 202 309 393 421 
110 136 167 203 310 394 422 
111 137 140 204 311 395 423 
84 138 141 205 312 396 424 
85 139 142 206 313 397 425 
86 112 143 207 314 398 426 
87 113 144 208 315 399 427 
88 114 145 209 316 400 428 
89 115 146 210 317 401 429 
90 116 147 211 318 402 430 
91 117 148 212 319 403 431 
92 118 149 213 320 404 432 
93 119 150 214 321 405 433 
94 120 151 215 322 406 434 
95 121 152 216 323 407 435 
96 122 153 217 324 408 436 
97 123 154 218 325 409 437 
98 124 155 219 326 410 438 
99 125 156 220 327 411 439 
100 126 157 221 328 412 440 
101 127 158 222 329 413 441 
102 128 159 223 330 414 442 
103 129 160 196 331 415 443 
104 130 161 197 332 416 444 
105 131 162 198 333 417 445 
106 132 163 199 334 418 446 
107 133 164 200 335 419 447 
130 152 222 331 336 476 504 
131 153 223 332 337 477 505 
132 154 196 333 338 478 506 
133 155 197 334 339 479 507 
134 156 198 335 340 480 508 
135 157 199 308 341 481 509 
136 158 200 309 342 482 510 
137 159 201 310 343 483 511 
138 160 202 311 344 484 512 
139 161 203 312 345 485 513 
112 162 204 313 346 486 514 
113 163 205 314 347 487 515 
114 164 206 315 348 488 516 
115 165 207 316 349 489 517 
116 166 208 317 350 490 518 
117 167 209 318 351 491 519 
118 140 210 319 352 492 520 
119 141 211 320 353 493 521 
120 142 212 321 354 494 522 
121 143 213 322 355 495 523 
122 144 214 323 356 496 524 
123 145 215 324 357 497 525 
124 146 216 325 358 498 526 
125 147 217 326 359 499 527 
126 148 218 327 360 500 528 
127 149 219 328 361 501 529 
128 150 220 329 362 502 530 
129 151 221 330 363 503 531 
12 139 164 211 331 560 588 
13 112 165 212 332 561 589 
14 113 166 213 333 562 590 
15 114 167 214 334 563 591 
16 115 140 215 335 564 592 
17 116 141 216 308 565 593 
18 117 142 217 309 566 594 
19 118 143 218 310 567 595 
20 119 144 219 311 568 596 
21 120 145 220 312 569 597 
22 121 146 221 313 570 598 
23 122 147 222 314 571 599 
24 123 148 223 315 572 600 
25 124 149 196 316 573 601 
26 125 150 197 317 574 602 
27 126 151 198 318 575 603 
0 127 152 199 319 576 604 
1 128 153 200 320 577 605 
2 129 154 201 321 578 606 
3 130 155 202 322 579 607 
4 131 156 203 323 580 608 
5 132 157 204 324 581 609 
6 133 158 205 325 582 610 
7 134 159 206 326 583 611 
8 135 160 207 327 584 612 
9 136 161 208 328 585 613 
10 137 162 209 329 586 614 
11 138 163 210 330 587 615 

