62 73 279 307 391 416 
63 74 280 308 392 417 
32 75 281 309 393 418 
33 76 282 310 394 419 
34 77 283 311 395 420 
35 78 284 312 396 421 
36 79 285 313 397 422 
37 80 286 314 398 423 
38 81 287 315 399 424 
39 82 256 316 400 425 
40 83 257 317 401 426 
41 84 258 318 402 427 
42 85 259 319 403 428 
43 86 260 288 404 429 
44 87 261 289 405 430 
45 88 262 290 406 431 
46 89 263 291 407 432 
47 90 264 292 408 433 
48 91 265 293 409 434 
49 92 266 294 410 435 
50 93 267 295 411 436 
51 94 268 296 412 437 
52 95 269 297 413 438 
53 64 270 298 414 439 
54 65 271 299 415 440 
55 66 272 300 384 441 
56 67 273 301 385 442 
57 68 274 302 386 443 
58 69 275 303 387 444 
59 70 276 304 388 445 
60 71 277 305 389 446 
61 72 278 306 390 447 
29 79 257 313 480 512 
30 80 258 314 481 513 
31 81 259 315 482 514 
0 82 260 316 483 515 
1 83 261 317 484 516 
2 84 262 318 485 517 
3 85 263 319 486 518 
4 86 264 288 487 519 
5 87 265 289 488 520 
6 88 266 290 489 521 
7 89 267 291 490 522 
8 90 268 292 491 523 
9 91 269 293 492 524 
10 92 270 294 493 525 
11 93 271 295 494 526 
12 94 272 296 495 527 
13 95 273 297 496 528 
14 64 274 298 497 529 
15 65 275 299 498 530 
16 66 276 300 499 531 
17 67 277 301 500 532 
18 68 278 302 501 533 
19 69 279 303 502 534 
20 70 280 304 503 535 
21 71 281 305 504 536 
22 72 282 306 505 537 
23 73 283 307 506 538 
24 74 284 308 507 539 
25 75 285 309 508 540 
26 76 286 310 509 541 
27 77 287 311 510 542 
28 78 256 312 511 543 
71 212 297 328 512 544 
72 213 298 329 513 545 
73 214 299 330 514 546 
74 215 300 331 515 547 
75 216 301 332 516 548 
76 217 302 333 517 549 
77 218 303 334 518 550 
78 219 304 335 519 551 
79 220 305 336 520 552 
80 221 306 337 521 553 
81 222 307 338 522 554 
82 223 308 339 523 555 
83 192 309 340 524 556 
84 193 310 341 525 557 
85 194 311 342 526 558 
86 195 312 343 527 559 
87 196 313 344 528 560 
88 197 314 345 529 561 
89 198 315 346 530 562 
90 199 316 347 531 563 
91 200 317 348 532 564 
92 201 318 349 533 565 
93 202 319 350 534 566 
94 203 288 351 535 567 
95 204 289 320 536 568 
64 205 290 321 537 569 
65 206 291 322 538 570 
66 207 292 323 539 571 
67 208 293 324 540 572 
68 209 294 325 541 573 
69 210 295 326 542 574 
70 211 296 327 543 575 
95 117 302 338 576 608 
64 118 303 339 577 609 
65 119 304 340 578 610 
66 120 305 341 579 611 
67 121 306 342 580 612 
68 122 307 343 581 613 
69 123 308 344 582 614 
70 124 309 345 583 615 
71 125 310 346 584 616 
72 126 311 347 585 617 
73 127 312 348 586 618 
74 96 313 349 587 619 
75 97 314 350 588 620 
76 98 315 351 589 621 
77 99 316 320 590 622 
78 100 317 321 591 623 
79 101 318 322 592 624 
80 102 319 323 593 625 
81 103 288 324 594 626 
82 104 289 325 595 627 
83 105 290 326 596 628 
84 106 291 327 597 629 
85 107 292 328 598 630 
86 108 293 329 599 631 
87 109 294 330 600 632 
88 110 295 331 601 633 
89 111 296 332 602 634 
90 112 297 333 603 635 
91 113 298 334 604 636 
92 114 299 335 605 637 
93 115 300 336 606 638 
94 116 301 337 607 639 
43 73 194 303 608 640 
44 74 195 304 609 641 
45 75 196 305 610 642 
46 76 197 306 611 643 
47 77 198 307 612 644 
48 78 199 308 613 645 
49 79 200 309 614 646 
50 80 201 310 615 647 
51 81 202 311 616 648 
52 82 203 312 617 649 
53 83 204 313 618 650 
54 84 205 314 619 651 
55 85 206 315 620 652 
56 86 207 316 621 653 
57 87 208 317 622 654 
58 88 209 318 623 655 
59 89 210 319 624 656 
60 90 211 288 625 657 
61 91 212 289 626 658 
62 92 213 290 627 659 
63 93 214 291 628 660 
32 94 215 292 629 661 
33 95 216 293 630 662 
34 64 217 294 631 663 
35 65 218 295 632 664 
36 66 219 296 633 665 
37 67 220 297 634 666 
38 68 221 298 635 667 
39 69 222 299 636 668 
40 70 223 300 637 669 
41 71 192 301 638 670 
42 72 193 302 639 671 
190 251 326 360 672 704 
191 252 327 361 673 705 
160 253 328 362 674 706 
161 254 329 363 675 707 
162 255 330 364 676 708 
163 224 331 365 677 709 
164 225 332 366 678 710 
165 226 333 367 679 711 
166 227 334 368 680 712 
167 228 335 369 681 713 
168 229 336 370 682 714 
169 230 337 371 683 715 
170 231 338 372 684 716 
171 232 339 373 685 717 
172 233 340 374 686 718 
173 234 341 375 687 719 
174 235 342 376 688 720 
175 236 343 377 689 721 
176 237 344 378 690 722 
177 238 345 379 691 723 
178 239 346 380 692 724 
179 240 347 381 693 725 
180 241 348 382 694 726 
181 242 349 383 695 727 
182 243 350 352 696 728 
183 244 351 353 697 729 
184 245 320 354 698 730 
185 246 321 355 699 731 
186 247 322 356 700 732 
187 248 323 357 701 733 
188 249 324 358 702 734 
189 250 325 359 703 735 
71 97 263 305 704 736 
72 98 264 306 705 737 
73 99 265 307 706 738 
74 100 266 308 707 739 
75 101 267 309 708 740 
76 102 268 310 709 741 
77 103 269 311 710 742 
78 104 270 312 711 743 
79 105 271 313 712 744 
80 106 272 314 713 745 
81 107 273 315 714 746 
82 108 274 316 715 747 
83 109 275 317 716 748 
84 110 276 318 717 749 
85 111 277 319 718 750 
86 112 278 288 719 751 
87 113 279 289 720 752 
88 114 280 290 721 753 
89 115 281 291 722 754 
90 116 282 292 723 755 
91 117 283 293 724 756 
92 118 284 294 725 757 
93 119 285 295 726 758 
94 120 286 296 727 759 
95 121 287 297 728 760 
64 122 256 298 729 761 
65 123 257 299 730 762 
66 124 258 300 731 763 
67 125 259 301 732 764 
68 126 260 302 733 765 
69 127 261 303 734 766 
70 96 262 304 735 767 
11 162 233 378 391 736 
12 163 234 379 392 737 
13 164 235 380 393 738 
14 165 236 381 394 739 
15 166 237 382 395 740 
16 167 238 383 396 741 
17 168 239 352 397 742 
18 169 240 353 398 743 
19 170 241 354 399 744 
20 171 242 355 400 745 
21 172 243 356 401 746 
22 173 244 357 402 747 
23 174 245 358 403 748 
24 175 246 359 404 749 
25 176 247 360 405 750 
26 177 248 361 406 751 
27 178 249 362 407 752 
28 179 250 363 408 753 
29 180 251 364 409 754 
30 181 252 365 410 755 
31 182 253 366 411 756 
0 183 254 367 412 757 
1 184 255 368 413 758 
2 185 224 369 414 759 
3 186 225 370 415 760 
4 187 226 371 384 761 
5 188 227 372 385 762 
6 189 228 373 386 763 
7 190 229 374 387 764 
8 191 230 375 388 765 
9 160 231 376 389 766 
10 161 232 377 390 767 
59 182 207 233 364 416 448 
60 183 208 234 365 417 449 
61 184 209 235 366 418 450 
62 185 210 236 367 419 451 
63 186 211 237 368 420 452 
32 187 212 238 369 421 453 
33 188 213 239 370 422 454 
34 189 214 240 371 423 455 
35 190 215 241 372 424 456 
36 191 216 242 373 425 457 
37 160 217 243 374 426 458 
38 161 218 244 375 427 459 
39 162 219 245 376 428 460 
40 163 220 246 377 429 461 
41 164 221 247 378 430 462 
42 165 222 248 379 431 463 
43 166 223 249 380 432 464 
44 167 192 250 381 433 465 
45 168 193 251 382 434 466 
46 169 194 252 383 435 467 
47 170 195 253 352 436 468 
48 171 196 254 353 437 469 
49 172 197 255 354 438 470 
50 173 198 224 355 439 471 
51 174 199 225 356 440 472 
52 175 200 226 357 441 473 
53 176 201 227 358 442 474 
54 177 202 228 359 443 475 
55 178 203 229 360 444 476 
56 179 204 230 361 445 477 
57 180 205 231 362 446 478 
58 181 206 232 363 447 479 
120 150 177 225 352 448 480 
121 151 178 226 353 449 481 
122 152 179 227 354 450 482 
123 153 180 228 355 451 483 
124 154 181 229 356 452 484 
125 155 182 230 357 453 485 
126 156 183 231 358 454 486 
127 157 184 232 359 455 487 
96 158 185 233 360 456 488 
97 159 186 234 361 457 489 
98 128 187 235 362 458 490 
99 129 188 236 363 459 491 
100 130 189 237 364 460 492 
101 131 190 238 365 461 493 
102 132 191 239 366 462 494 
103 133 160 240 367 463 495 
104 134 161 241 368 464 496 
105 135 162 242 369 465 497 
106 136 163 243 370 466 498 
107 137 164 244 371 467 499 
108 138 165 245 372 468 500 
109 139 166 246 373 469 501 
110 140 167 247 374 470 502 
111 141 168 248 375 471 503 
112 142 169 249 376 472 504 
113 143 170 250 377 473 505 
114 144 171 251 378 474 506 
115 145 172 252 379 475 507 
116 146 173 253 380 476 508 
117 147 174 254 381 477 509 
118 148 175 255 382 478 510 
119 149 176 224 383 479 511 
142 168 242 367 384 544 576 
143 169 243 368 385 545 577 
144 170 244 369 386 546 578 
145 171 245 370 387 547 579 
146 172 246 371 388 548 580 
147 173 247 372 389 549 581 
148 174 248 373 390 550 582 
149 175 249 374 391 551 583 
150 176 250 375 392 552 584 
151 177 251 376 393 553 585 
152 178 252 377 394 554 586 
153 179 253 378 395 555 587 
154 180 254 379 396 556 588 
155 181 255 380 397 557 589 
156 182 224 381 398 558 590 
157 183 225 382 399 559 591 
158 184 226 383 400 560 592 
159 185 227 352 401 561 593 
128 186 228 353 402 562 594 
129 187 229 354 403 563 595 
130 188 230 355 404 564 596 
131 189 231 356 405 565 597 
132 190 232 357 406 566 598 
133 191 233 358 407 567 599 
134 160 234 359 408 568 600 
135 161 235 360 409 569 601 
136 162 236 361 410 570 602 
137 163 237 362 411 571 603 
138 164 238 363 412 572 604 
139 165 239 364 413 573 605 
140 166 240 365 414 574 606 
141 167 241 366 415 575 607 
12 147 184 235 371 640 672 
13 148 185 236 372 641 673 
14 149 186 237 373 642 674 
15 150 187 238 374 643 675 
16 151 188 239 375 644 676 
17 152 189 240 376 645 677 
18 153 190 241 377 646 678 
19 154 191 242 378 647 679 
20 155 160 243 379 648 680 
21 156 161 244 380 649 681 
22 157 162 245 381 650 682 
23 158 163 246 382 651 683 
24 159 164 247 383 652 684 
25 128 165 248 352 653 685 
26 129 166 249 353 654 686 
27 130 167 250 354 655 687 
28 131 168 251 355 656 688 
29 132 169 252 356 657 689 
30 133 170 253 357 658 690 
31 134 171 254 358 659 691 
0 135 172 255 359 660 692 
1 136 173 224 360 661 693 
2 137 174 225 361 662 694 
3 138 175 226 362 663 695 
4 139 176 227 363 664 696 
5 140 177 228 364 665 697 
6 141 178 229 365 666 698 
7 142 179 230 366 667 699 
8 143 180 231 367 668 700 
9 144 181 232 368 669 701 
10 145 182 233 369 670 702 
11 146 183 234 370 671 703 

