1 57 87 143 164 251 276 296 342 372 402 417 453 480 516 564 580 621 656 672 
2 58 88 144 165 252 277 297 343 373 403 418 454 481 517 565 581 622 657 673 
3 59 89 145 166 253 278 298 344 374 404 419 455 482 518 566 582 623 658 674 
4 60 90 146 167 254 279 299 345 375 405 420 456 483 519 567 583 624 659 675 
5 61 91 147 168 255 280 300 346 376 406 421 457 484 520 568 584 625 660 676 
6 62 92 148 169 224 281 301 347 377 407 422 458 485 521 569 585 626 661 677 
7 63 93 149 170 225 282 302 348 378 408 423 459 486 522 570 586 627 662 678 
8 32 94 150 171 226 283 303 349 379 409 424 460 487 523 571 587 628 663 679 
9 33 95 151 172 227 284 304 350 380 410 425 461 488 524 572 588 629 664 680 
10 34 64 152 173 228 285 305 351 381 411 426 462 489 525 573 589 630 665 681 
11 35 65 153 174 229 286 306 320 382 412 427 463 490 526 574 590 631 666 682 
12 36 66 154 175 230 287 307 321 383 413 428 464 491 527 575 591 632 667 683 
13 37 67 155 176 231 256 308 322 352 414 429 465 492 528 544 592 633 668 684 
14 38 68 156 177 232 257 309 323 353 415 430 466 493 529 545 593 634 669 685 
15 39 69 157 178 233 258 310 324 354 384 431 467 494 530 546 594 635 670 686 
16 40 70 158 179 234 259 311 325 355 385 432 468 495 531 547 595 636 671 687 
17 41 71 159 180 235 260 312 326 356 386 433 469 496 532 548 596 637 640 688 
18 42 72 128 181 236 261 313 327 357 387 434 470 497 533 549 597 638 641 689 
19 43 73 129 182 237 262 314 328 358 388 435 471 498 534 550 598 639 642 690 
20 44 74 130 183 238 263 315 329 359 389 436 472 499 535 551 599 608 643 691 
21 45 75 131 184 239 264 316 330 360 390 437 473 500 536 552 600 609 644 692 
22 46 76 132 185 240 265 317 331 361 391 438 474 501 537 553 601 610 645 693 
23 47 77 133 186 241 266 318 332 362 392 439 475 502 538 554 602 611 646 694 
24 48 78 134 187 242 267 319 333 363 393 440 476 503 539 555 603 612 647 695 
25 49 79 135 188 243 268 288 334 364 394 441 477 504 540 556 604 613 648 696 
26 50 80 136 189 244 269 289 335 365 395 442 478 505 541 557 605 614 649 697 
27 51 81 137 190 245 270 290 336 366 396 443 479 506 542 558 606 615 650 698 
28 52 82 138 191 246 271 291 337 367 397 444 448 507 543 559 607 616 651 699 
29 53 83 139 160 247 272 292 338 368 398 445 449 508 512 560 576 617 652 700 
30 54 84 140 161 248 273 293 339 369 399 446 450 509 513 561 577 618 653 701 
31 55 85 141 162 249 274 294 340 370 400 447 451 510 514 562 578 619 654 702 
0 56 86 142 163 250 275 295 341 371 401 416 452 511 515 563 579 620 655 703 
38 100 136 175 204 239 271 329 373 396 423 462 488 512 556 593 608 640 672 704 
39 101 137 176 205 240 272 330 374 397 424 463 489 513 557 594 609 641 673 705 
40 102 138 177 206 241 273 331 375 398 425 464 490 514 558 595 610 642 674 706 
41 103 139 178 207 242 274 332 376 399 426 465 491 515 559 596 611 643 675 707 
42 104 140 179 208 243 275 333 377 400 427 466 492 516 560 597 612 644 676 708 
43 105 141 180 209 244 276 334 378 401 428 467 493 517 561 598 613 645 677 709 
44 106 142 181 210 245 277 335 379 402 429 468 494 518 562 599 614 646 678 710 
45 107 143 182 211 246 278 336 380 403 430 469 495 519 563 600 615 647 679 711 
46 108 144 183 212 247 279 337 381 404 431 470 496 520 564 601 616 648 680 712 
47 109 145 184 213 248 280 338 382 405 432 471 497 521 565 602 617 649 681 713 
48 110 146 185 214 249 281 339 383 406 433 472 498 522 566 603 618 650 682 714 
49 111 147 186 215 250 282 340 352 407 434 473 499 523 567 604 619 651 683 715 
50 112 148 187 216 251 283 341 353 408 435 474 500 524 568 605 620 652 684 716 
51 113 149 188 217 252 284 342 354 409 436 475 501 525 569 606 621 653 685 717 
52 114 150 189 218 253 285 343 355 410 437 476 502 526 570 607 622 654 686 718 
53 115 151 190 219 254 286 344 356 411 438 477 503 527 571 576 623 655 687 719 
54 116 152 191 220 255 287 345 357 412 439 478 504 528 572 577 624 656 688 720 
55 117 153 160 221 224 256 346 358 413 440 479 505 529 573 578 625 657 689 721 
56 118 154 161 222 225 257 347 359 414 441 448 506 530 574 579 626 658 690 722 
57 119 155 162 223 226 258 348 360 415 442 449 507 531 575 580 627 659 691 723 
58 120 156 163 192 227 259 349 361 384 443 450 508 532 544 581 628 660 692 724 
59 121 157 164 193 228 260 350 362 385 444 451 509 533 545 582 629 661 693 725 
60 122 158 165 194 229 261 351 363 386 445 452 510 534 546 583 630 662 694 726 
61 123 159 166 195 230 262 320 364 387 446 453 511 535 547 584 631 663 695 727 
62 124 128 167 196 231 263 321 365 388 447 454 480 536 548 585 632 664 696 728 
63 125 129 168 197 232 264 322 366 389 416 455 481 537 549 586 633 665 697 729 
32 126 130 169 198 233 265 323 367 390 417 456 482 538 550 587 634 666 698 730 
33 127 131 170 199 234 266 324 368 391 418 457 483 539 551 588 635 667 699 731 
34 96 132 171 200 235 267 325 369 392 419 458 484 540 552 589 636 668 700 732 
35 97 133 172 201 236 268 326 370 393 420 459 485 541 553 590 637 669 701 733 
36 98 134 173 202 237 269 327 371 394 421 460 486 542 554 591 638 670 702 734 
37 99 135 174 203 238 270 328 372 395 422 461 487 543 555 592 639 671 703 735 
19 49 83 100 131 213 287 312 347 381 401 425 470 494 540 568 579 623 704 736 
20 50 84 101 132 214 256 313 348 382 402 426 471 495 541 569 580 624 705 737 
21 51 85 102 133 215 257 314 349 383 403 427 472 496 542 570 581 625 706 738 
22 52 86 103 134 216 258 315 350 352 404 428 473 497 543 571 582 626 707 739 
23 53 87 104 135 217 259 316 351 353 405 429 474 498 512 572 583 627 708 740 
24 54 88 105 136 218 260 317 320 354 406 430 475 499 513 573 584 628 709 741 
25 55 89 106 137 219 261 318 321 355 407 431 476 500 514 574 585 629 710 742 
26 56 90 107 138 220 262 319 322 356 408 432 477 501 515 575 586 630 711 743 
27 57 91 108 139 221 263 288 323 357 409 433 478 502 516 544 587 631 712 744 
28 58 92 109 140 222 264 289 324 358 410 434 479 503 517 545 588 632 713 745 
29 59 93 110 141 223 265 290 325 359 411 435 448 504 518 546 589 633 714 746 
30 60 94 111 142 192 266 291 326 360 412 436 449 505 519 547 590 634 715 747 
31 61 95 112 143 193 267 292 327 361 413 437 450 506 520 548 591 635 716 748 
0 62 64 113 144 194 268 293 328 362 414 438 451 507 521 549 592 636 717 749 
1 63 65 114 145 195 269 294 329 363 415 439 452 508 522 550 593 637 718 750 
2 32 66 115 146 196 270 295 330 364 384 440 453 509 523 551 594 638 719 751 
3 33 67 116 147 197 271 296 331 365 385 441 454 510 524 552 595 639 720 752 
4 34 68 117 148 198 272 297 332 366 386 442 455 511 525 553 596 608 721 753 
5 35 69 118 149 199 273 298 333 367 387 443 456 480 526 554 597 609 722 754 
6 36 70 119 150 200 274 299 334 368 388 444 457 481 527 555 598 610 723 755 
7 37 71 120 151 201 275 300 335 369 389 445 458 482 528 556 599 611 724 756 
8 38 72 121 152 202 276 301 336 370 390 446 459 483 529 557 600 612 725 757 
9 39 73 122 153 203 277 302 337 371 391 447 460 484 530 558 601 613 726 758 
10 40 74 123 154 204 278 303 338 372 392 416 461 485 531 559 602 614 727 759 
11 41 75 124 155 205 279 304 339 373 393 417 462 486 532 560 603 615 728 760 
12 42 76 125 156 206 280 305 340 374 394 418 463 487 533 561 604 616 729 761 
13 43 77 126 157 207 281 306 341 375 395 419 464 488 534 562 605 617 730 762 
14 44 78 127 158 208 282 307 342 376 396 420 465 489 535 563 606 618 731 763 
15 45 79 96 159 209 283 308 343 377 397 421 466 490 536 564 607 619 732 764 
16 46 80 97 128 210 284 309 344 378 398 422 467 491 537 565 576 620 733 765 
17 47 81 98 129 211 285 310 345 379 399 423 468 492 538 566 577 621 734 766 
18 48 82 99 130 212 286 311 346 380 400 424 469 493 539 567 578 622 735 767 
18 82 111 164 205 234 267 308 341 378 413 444 473 510 532 572 587 610 656 736 
19 83 112 165 206 235 268 309 342 379 414 445 474 511 533 573 588 611 657 737 
20 84 113 166 207 236 269 310 343 380 415 446 475 480 534 574 589 612 658 738 
21 85 114 167 208 237 270 311 344 381 384 447 476 481 535 575 590 613 659 739 
22 86 115 168 209 238 271 312 345 382 385 416 477 482 536 544 591 614 660 740 
23 87 116 169 210 239 272 313 346 383 386 417 478 483 537 545 592 615 661 741 
24 88 117 170 211 240 273 314 347 352 387 418 479 484 538 546 593 616 662 742 
25 89 118 171 212 241 274 315 348 353 388 419 448 485 539 547 594 617 663 743 
26 90 119 172 213 242 275 316 349 354 389 420 449 486 540 548 595 618 664 744 
27 91 120 173 214 243 276 317 350 355 390 421 450 487 541 549 596 619 665 745 
28 92 121 174 215 244 277 318 351 356 391 422 451 488 542 550 597 620 666 746 
29 93 122 175 216 245 278 319 320 357 392 423 452 489 543 551 598 621 667 747 
30 94 123 176 217 246 279 288 321 358 393 424 453 490 512 552 599 622 668 748 
31 95 124 177 218 247 280 289 322 359 394 425 454 491 513 553 600 623 669 749 
0 64 125 178 219 248 281 290 323 360 395 426 455 492 514 554 601 624 670 750 
1 65 126 179 220 249 282 291 324 361 396 427 456 493 515 555 602 625 671 751 
2 66 127 180 221 250 283 292 325 362 397 428 457 494 516 556 603 626 640 752 
3 67 96 181 222 251 284 293 326 363 398 429 458 495 517 557 604 627 641 753 
4 68 97 182 223 252 285 294 327 364 399 430 459 496 518 558 605 628 642 754 
5 69 98 183 192 253 286 295 328 365 400 431 460 497 519 559 606 629 643 755 
6 70 99 184 193 254 287 296 329 366 401 432 461 498 520 560 607 630 644 756 
7 71 100 185 194 255 256 297 330 367 402 433 462 499 521 561 576 631 645 757 
8 72 101 186 195 224 257 298 331 368 403 434 463 500 522 562 577 632 646 758 
9 73 102 187 196 225 258 299 332 369 404 435 464 501 523 563 578 633 647 759 
10 74 103 188 197 226 259 300 333 370 405 436 465 502 524 564 579 634 648 760 
11 75 104 189 198 227 260 301 334 371 406 437 466 503 525 565 580 635 649 761 
12 76 105 190 199 228 261 302 335 372 407 438 467 504 526 566 581 636 650 762 
13 77 106 191 200 229 262 303 336 373 408 439 468 505 527 567 582 637 651 763 
14 78 107 160 201 230 263 304 337 374 409 440 469 506 528 568 583 638 652 764 
15 79 108 161 202 231 264 305 338 375 410 441 470 507 529 569 584 639 653 765 
16 80 109 162 203 232 265 306 339 376 411 442 471 508 530 570 585 608 654 766 
17 81 110 163 204 233 266 307 340 377 412 443 472 509 531 571 586 609 655 767 

