58 73 307 335 439 468 
59 74 308 336 440 469 
60 75 309 337 441 470 
61 76 310 338 442 471 
62 77 311 339 443 472 
63 78 312 340 444 473 
64 79 313 341 445 474 
65 80 314 342 446 475 
66 81 315 343 447 476 
67 82 316 344 448 477 
68 83 317 345 449 478 
69 84 318 346 450 479 
70 85 319 347 451 480 
71 86 320 348 452 481 
36 87 321 349 453 482 
37 88 322 350 454 483 
38 89 323 351 455 484 
39 90 288 352 456 485 
40 91 289 353 457 486 
41 92 290 354 458 487 
42 93 291 355 459 488 
43 94 292 356 460 489 
44 95 293 357 461 490 
45 96 294 358 462 491 
46 97 295 359 463 492 
47 98 296 324 464 493 
48 99 297 325 465 494 
49 100 298 326 466 495 
50 101 299 327 467 496 
51 102 300 328 432 497 
52 103 301 329 433 498 
53 104 302 330 434 499 
54 105 303 331 435 500 
55 106 304 332 436 501 
56 107 305 333 437 502 
57 72 306 334 438 503 
25 83 317 349 540 576 
26 84 318 350 541 577 
27 85 319 351 542 578 
28 86 320 352 543 579 
29 87 321 353 544 580 
30 88 322 354 545 581 
31 89 323 355 546 582 
32 90 288 356 547 583 
33 91 289 357 548 584 
34 92 290 358 549 585 
35 93 291 359 550 586 
0 94 292 324 551 587 
1 95 293 325 552 588 
2 96 294 326 553 589 
3 97 295 327 554 590 
4 98 296 328 555 591 
5 99 297 329 556 592 
6 100 298 330 557 593 
7 101 299 331 558 594 
8 102 300 332 559 595 
9 103 301 333 560 596 
10 104 302 334 561 597 
11 105 303 335 562 598 
12 106 304 336 563 599 
13 107 305 337 564 600 
14 72 306 338 565 601 
15 73 307 339 566 602 
16 74 308 340 567 603 
17 75 309 341 568 604 
18 76 310 342 569 605 
19 77 311 343 570 606 
20 78 312 344 571 607 
21 79 313 345 572 608 
22 80 314 346 573 609 
23 81 315 347 574 610 
24 82 316 348 575 611 
75 228 329 360 576 612 
76 229 330 361 577 613 
77 230 331 362 578 614 
78 231 332 363 579 615 
79 232 333 364 580 616 
80 233 334 365 581 617 
81 234 335 366 582 618 
82 235 336 367 583 619 
83 236 337 368 584 620 
84 237 338 369 585 621 
85 238 339 370 586 622 
86 239 340 371 587 623 
87 240 341 372 588 624 
88 241 342 373 589 625 
89 242 343 374 590 626 
90 243 344 375 591 627 
91 244 345 376 592 628 
92 245 346 377 593 629 
93 246 347 378 594 630 
94 247 348 379 595 631 
95 248 349 380 596 632 
96 249 350 381 597 633 
97 250 351 382 598 634 
98 251 352 383 599 635 
99 216 353 384 600 636 
100 217 354 385 601 637 
101 218 355 386 602 638 
102 219 356 387 603 639 
103 220 357 388 604 640 
104 221 358 389 605 641 
105 222 359 390 606 642 
106 223 324 391 607 643 
107 224 325 392 608 644 
72 225 326 393 609 645 
73 226 327 394 610 646 
74 227 328 395 611 647 
95 125 338 378 648 684 
96 126 339 379 649 685 
97 127 340 380 650 686 
98 128 341 381 651 687 
99 129 342 382 652 688 
100 130 343 383 653 689 
101 131 344 384 654 690 
102 132 345 385 655 691 
103 133 346 386 656 692 
104 134 347 387 657 693 
105 135 348 388 658 694 
106 136 349 389 659 695 
107 137 350 390 660 696 
72 138 351 391 661 697 
73 139 352 392 662 698 
74 140 353 393 663 699 
75 141 354 394 664 700 
76 142 355 395 665 701 
77 143 356 360 666 702 
78 108 357 361 667 703 
79 109 358 362 668 704 
80 110 359 363 669 705 
81 111 324 364 670 706 
82 112 325 365 671 707 
83 113 326 366 672 708 
84 114 327 367 673 709 
85 115 328 368 674 710 
86 116 329 369 675 711 
87 117 330 370 676 712 
88 118 331 371 677 713 
89 119 332 372 678 714 
90 120 333 373 679 715 
91 121 334 374 680 716 
92 122 335 375 681 717 
93 123 336 376 682 718 
94 124 337 377 683 719 
47 73 218 335 684 720 
48 74 219 336 685 721 
49 75 220 337 686 722 
50 76 221 338 687 723 
51 77 222 339 688 724 
52 78 223 340 689 725 
53 79 224 341 690 726 
54 80 225 342 691 727 
55 81 226 343 692 728 
56 82 227 344 693 729 
57 83 228 345 694 730 
58 84 229 346 695 731 
59 85 230 347 696 732 
60 86 231 348 697 733 
61 87 232 349 698 734 
62 88 233 350 699 735 
63 89 234 351 700 736 
64 90 235 352 701 737 
65 91 236 353 702 738 
66 92 237 354 703 739 
67 93 238 355 704 740 
68 94 239 356 705 741 
69 95 240 357 706 742 
70 96 241 358 707 743 
71 97 242 359 708 744 
36 98 243 324 709 745 
37 99 244 325 710 746 
38 100 245 326 711 747 
39 101 246 327 712 748 
40 102 247 328 713 749 
41 103 248 329 714 750 
42 104 249 330 715 751 
43 105 250 331 716 752 
44 106 251 332 717 753 
45 107 216 333 718 754 
46 72 217 334 719 755 
202 275 394 396 756 792 
203 276 395 397 757 793 
204 277 360 398 758 794 
205 278 361 399 759 795 
206 279 362 400 760 796 
207 280 363 401 761 797 
208 281 364 402 762 798 
209 282 365 403 763 799 
210 283 366 404 764 800 
211 284 367 405 765 801 
212 285 368 406 766 802 
213 286 369 407 767 803 
214 287 370 408 768 804 
215 252 371 409 769 805 
180 253 372 410 770 806 
181 254 373 411 771 807 
182 255 374 412 772 808 
183 256 375 413 773 809 
184 257 376 414 774 810 
185 258 377 415 775 811 
186 259 378 416 776 812 
187 260 379 417 777 813 
188 261 380 418 778 814 
189 262 381 419 779 815 
190 263 382 420 780 816 
191 264 383 421 781 817 
192 265 384 422 782 818 
193 266 385 423 783 819 
194 267 386 424 784 820 
195 268 387 425 785 821 
196 269 388 426 786 822 
197 270 389 427 787 823 
198 271 390 428 788 824 
199 272 391 429 789 825 
200 273 392 430 790 826 
201 274 393 431 791 827 
79 137 291 337 792 828 
80 138 292 338 793 829 
81 139 293 339 794 830 
82 140 294 340 795 831 
83 141 295 341 796 832 
84 142 296 342 797 833 
85 143 297 343 798 834 
86 108 298 344 799 835 
87 109 299 345 800 836 
88 110 300 346 801 837 
89 111 301 347 802 838 
90 112 302 348 803 839 
91 113 303 349 804 840 
92 114 304 350 805 841 
93 115 305 351 806 842 
94 116 306 352 807 843 
95 117 307 353 808 844 
96 118 308 354 809 845 
97 119 309 355 810 846 
98 120 310 356 811 847 
99 121 311 357 812 848 
100 122 312 358 813 849 
101 123 313 359 814 850 
102 124 314 324 815 851 
103 125 315 325 816 852 
104 126 316 326 817 853 
105 127 317 327 818 854 
106 128 318 328 819 855 
107 129 319 329 820 856 
72 130 320 330 821 857 
73 131 321 331 822 858 
74 132 322 332 823 859 
75 133 323 333 824 860 
76 134 288 334 825 861 
77 135 289 335 826 862 
78 136 290 336 827 863 
7 210 257 422 439 828 
8 211 258 423 440 829 
9 212 259 424 441 830 
10 213 260 425 442 831 
11 214 261 426 443 832 
12 215 262 427 444 833 
13 180 263 428 445 834 
14 181 264 429 446 835 
15 182 265 430 447 836 
16 183 266 431 448 837 
17 184 267 396 449 838 
18 185 268 397 450 839 
19 186 269 398 451 840 
20 187 270 399 452 841 
21 188 271 400 453 842 
22 189 272 401 454 843 
23 190 273 402 455 844 
24 191 274 403 456 845 
25 192 275 404 457 846 
26 193 276 405 458 847 
27 194 277 406 459 848 
28 195 278 407 460 849 
29 196 279 408 461 850 
30 197 280 409 462 851 
31 198 281 410 463 852 
32 199 282 411 464 853 
33 200 283 412 465 854 
34 201 284 413 466 855 
35 202 285 414 467 856 
0 203 286 415 432 857 
1 204 287 416 433 858 
2 205 252 417 434 859 
3 206 253 418 435 860 
4 207 254 419 436 861 
5 208 255 420 437 862 
6 209 256 421 438 863 
63 202 223 261 408 468 504 
64 203 224 262 409 469 505 
65 204 225 263 410 470 506 
66 205 226 264 411 471 507 
67 206 227 265 412 472 508 
68 207 228 266 413 473 509 
69 208 229 267 414 474 510 
70 209 230 268 415 475 511 
71 210 231 269 416 476 512 
36 211 232 270 417 477 513 
37 212 233 271 418 478 514 
38 213 234 272 419 479 515 
39 214 235 273 420 480 516 
40 215 236 274 421 481 517 
41 180 237 275 422 482 518 
42 181 238 276 423 483 519 
43 182 239 277 424 484 520 
44 183 240 278 425 485 521 
45 184 241 279 426 486 522 
46 185 242 280 427 487 523 
47 186 243 281 428 488 524 
48 187 244 282 429 489 525 
49 188 245 283 430 490 526 
50 189 246 284 431 491 527 
51 190 247 285 396 492 528 
52 191 248 286 397 493 529 
53 192 249 287 398 494 530 
54 193 250 252 399 495 531 
55 194 251 253 400 496 532 
56 195 216 254 401 497 533 
57 196 217 255 402 498 534 
58 197 218 256 403 499 535 
59 198 219 257 404 500 536 
60 199 220 258 405 501 537 
61 200 221 259 406 502 538 
62 201 222 260 407 503 539 
132 166 189 285 396 504 540 
133 167 190 286 397 505 541 
134 168 191 287 398 506 542 
135 169 192 252 399 507 543 
136 170 193 253 400 508 544 
137 171 194 254 401 509 545 
138 172 195 255 402 510 546 
139 173 196 256 403 511 547 
140 174 197 257 404 512 548 
141 175 198 258 405 513 549 
142 176 199 259 406 514 550 
143 177 200 260 407 515 551 
108 178 201 261 408 516 552 
109 179 202 262 409 517 553 
110 144 203 263 410 518 554 
111 145 204 264 411 519 555 
112 146 205 265 412 520 556 
113 147 206 266 413 521 557 
114 148 207 267 414 522 558 
115 149 208 268 415 523 559 
116 150 209 269 416 524 560 
117 151 210 270 417 525 561 
118 152 211 271 418 526 562 
119 153 212 272 419 527 563 
120 154 213 273 420 528 564 
121 155 214 274 421 529 565 
122 156 215 275 422 530 566 
123 157 180 276 423 531 567 
124 158 181 277 424 532 568 
125 159 182 278 425 533 569 
126 160 183 279 426 534 570 
127 161 184 280 427 535 571 
128 162 185 281 428 536 572 
129 163 186 282 429 537 573 
130 164 187 283 430 538 574 
131 165 188 284 431 539 575 
154 184 262 403 432 612 648 
155 185 263 404 433 613 649 
156 186 264 405 434 614 650 
157 187 265 406 435 615 651 
158 188 266 407 436 616 652 
159 189 267 408 437 617 653 
160 190 268 409 438 618 654 
161 191 269 410 439 619 655 
162 192 270 411 440 620 656 
163 193 271 412 441 621 657 
164 194 272 413 442 622 658 
165 195 273 414 443 623 659 
166 196 274 415 444 624 660 
167 197 275 416 445 625 661 
168 198 276 417 446 626 662 
169 199 277 418 447 627 663 
170 200 278 419 448 628 664 
171 201 279 420 449 629 665 
172 202 280 421 450 630 666 
173 203 281 422 451 631 667 
174 204 282 423 452 632 668 
175 205 283 424 453 633 669 
176 206 284 425 454 634 670 
177 207 285 426 455 635 671 
178 208 286 427 456 636 672 
179 209 287 428 457 637 673 
144 210 252 429 458 638 674 
145 211 253 430 459 639 675 
146 212 254 431 460 640 676 
147 213 255 396 461 641 677 
148 214 256 397 462 642 678 
149 215 257 398 463 643 679 
150 180 258 399 464 644 680 
151 181 259 400 465 645 681 
152 182 260 401 466 646 682 
153 183 261 402 467 647 683 
12 155 204 259 411 720 756 
13 156 205 260 412 721 757 
14 157 206 261 413 722 758 
15 158 207 262 414 723 759 
16 159 208 263 415 724 760 
17 160 209 264 416 725 761 
18 161 210 265 417 726 762 
19 162 211 266 418 727 763 
20 163 212 267 419 728 764 
21 164 213 268 420 729 765 
22 165 214 269 421 730 766 
23 166 215 270 422 731 767 
24 167 180 271 423 732 768 
25 168 181 272 424 733 769 
26 169 182 273 425 734 770 
27 170 183 274 426 735 771 
28 171 184 275 427 736 772 
29 172 185 276 428 737 773 
30 173 186 277 429 738 774 
31 174 187 278 430 739 775 
32 175 188 279 431 740 776 
33 176 189 280 396 741 777 
34 177 190 281 397 742 778 
35 178 191 282 398 743 779 
0 179 192 283 399 744 780 
1 144 193 284 400 745 781 
2 145 194 285 401 746 782 
3 146 195 286 402 747 783 
4 147 196 287 403 748 784 
5 148 197 252 404 749 785 
6 149 198 253 405 750 786 
7 150 199 254 406 751 787 
8 151 200 255 407 752 788 
9 152 201 256 408 753 789 
10 153 202 257 409 754 790 
11 154 203 258 410 755 791 

