1 61 91 155 184 271 300 332 374 412 442 501 509 540 576 632 652 689 728 756 
2 62 92 156 185 272 301 333 375 413 443 502 510 541 577 633 653 690 729 757 
3 63 93 157 186 273 302 334 376 414 444 503 511 542 578 634 654 691 730 758 
4 64 94 158 187 274 303 335 377 415 445 468 512 543 579 635 655 692 731 759 
5 65 95 159 188 275 304 336 378 416 446 469 513 544 580 636 656 693 732 760 
6 66 96 160 189 276 305 337 379 417 447 470 514 545 581 637 657 694 733 761 
7 67 97 161 190 277 306 338 380 418 448 471 515 546 582 638 658 695 734 762 
8 68 98 162 191 278 307 339 381 419 449 472 516 547 583 639 659 696 735 763 
9 69 99 163 192 279 308 340 382 420 450 473 517 548 584 640 660 697 736 764 
10 70 100 164 193 280 309 341 383 421 451 474 518 549 585 641 661 698 737 765 
11 71 101 165 194 281 310 342 384 422 452 475 519 550 586 642 662 699 738 766 
12 36 102 166 195 282 311 343 385 423 453 476 520 551 587 643 663 700 739 767 
13 37 103 167 196 283 312 344 386 424 454 477 521 552 588 644 664 701 740 768 
14 38 104 168 197 284 313 345 387 425 455 478 522 553 589 645 665 702 741 769 
15 39 105 169 198 285 314 346 388 426 456 479 523 554 590 646 666 703 742 770 
16 40 106 170 199 286 315 347 389 427 457 480 524 555 591 647 667 704 743 771 
17 41 107 171 200 287 316 348 390 428 458 481 525 556 592 612 668 705 744 772 
18 42 72 172 201 252 317 349 391 429 459 482 526 557 593 613 669 706 745 773 
19 43 73 173 202 253 318 350 392 430 460 483 527 558 594 614 670 707 746 774 
20 44 74 174 203 254 319 351 393 431 461 484 528 559 595 615 671 708 747 775 
21 45 75 175 204 255 320 352 394 396 462 485 529 560 596 616 672 709 748 776 
22 46 76 176 205 256 321 353 395 397 463 486 530 561 597 617 673 710 749 777 
23 47 77 177 206 257 322 354 360 398 464 487 531 562 598 618 674 711 750 778 
24 48 78 178 207 258 323 355 361 399 465 488 532 563 599 619 675 712 751 779 
25 49 79 179 208 259 288 356 362 400 466 489 533 564 600 620 676 713 752 780 
26 50 80 144 209 260 289 357 363 401 467 490 534 565 601 621 677 714 753 781 
27 51 81 145 210 261 290 358 364 402 432 491 535 566 602 622 678 715 754 782 
28 52 82 146 211 262 291 359 365 403 433 492 536 567 603 623 679 716 755 783 
29 53 83 147 212 263 292 324 366 404 434 493 537 568 604 624 680 717 720 784 
30 54 84 148 213 264 293 325 367 405 435 494 538 569 605 625 681 718 721 785 
31 55 85 149 214 265 294 326 368 406 436 495 539 570 606 626 682 719 722 786 
32 56 86 150 215 266 295 327 369 407 437 496 504 571 607 627 683 684 723 787 
33 57 87 151 180 267 296 328 370 408 438 497 505 572 608 628 648 685 724 788 
34 58 88 152 181 268 297 329 371 409 439 498 506 573 609 629 649 686 725 789 
35 59 89 153 182 269 298 330 372 410 440 499 507 574 610 630 650 687 726 790 
0 60 90 154 183 270 299 331 373 411 441 500 508 575 611 631 651 688 727 791 
42 108 148 191 228 259 299 365 417 444 503 518 540 576 620 661 684 720 756 792 
43 109 149 192 229 260 300 366 418 445 468 519 541 577 621 662 685 721 757 793 
44 110 150 193 230 261 301 367 419 446 469 520 542 578 622 663 686 722 758 794 
45 111 151 194 231 262 302 368 420 447 470 521 543 579 623 664 687 723 759 795 
46 112 152 195 232 263 303 369 421 448 471 522 544 580 624 665 688 724 760 796 
47 113 153 196 233 264 304 370 422 449 472 523 545 581 625 666 689 725 761 797 
48 114 154 197 234 265 305 371 423 450 473 524 546 582 626 667 690 726 762 798 
49 115 155 198 235 266 306 372 424 451 474 525 547 583 627 668 691 727 763 799 
50 116 156 199 236 267 307 373 425 452 475 526 548 584 628 669 692 728 764 800 
51 117 157 200 237 268 308 374 426 453 476 527 549 585 629 670 693 729 765 801 
52 118 158 201 238 269 309 375 427 454 477 528 550 586 630 671 694 730 766 802 
53 119 159 202 239 270 310 376 428 455 478 529 551 587 631 672 695 731 767 803 
54 120 160 203 240 271 311 377 429 456 479 530 552 588 632 673 696 732 768 804 
55 121 161 204 241 272 312 378 430 457 480 531 553 589 633 674 697 733 769 805 
56 122 162 205 242 273 313 379 431 458 481 532 554 590 634 675 698 734 770 806 
57 123 163 206 243 274 314 380 396 459 482 533 555 591 635 676 699 735 771 807 
58 124 164 207 244 275 315 381 397 460 483 534 556 592 636 677 700 736 772 808 
59 125 165 208 245 276 316 382 398 461 484 535 557 593 637 678 701 737 773 809 
60 126 166 209 246 277 317 383 399 462 485 536 558 594 638 679 702 738 774 810 
61 127 167 210 247 278 318 384 400 463 486 537 559 595 639 680 703 739 775 811 
62 128 168 211 248 279 319 385 401 464 487 538 560 596 640 681 704 740 776 812 
63 129 169 212 249 280 320 386 402 465 488 539 561 597 641 682 705 741 777 813 
64 130 170 213 250 281 321 387 403 466 489 504 562 598 642 683 706 742 778 814 
65 131 171 214 251 282 322 388 404 467 490 505 563 599 643 648 707 743 779 815 
66 132 172 215 216 283 323 389 405 432 491 506 564 600 644 649 708 744 780 816 
67 133 173 180 217 284 288 390 406 433 492 507 565 601 645 650 709 745 781 817 
68 134 174 181 218 285 289 391 407 434 493 508 566 602 646 651 710 746 782 818 
69 135 175 182 219 286 290 392 408 435 494 509 567 603 647 652 711 747 783 819 
70 136 176 183 220 287 291 393 409 436 495 510 568 604 612 653 712 748 784 820 
71 137 177 184 221 252 292 394 410 437 496 511 569 605 613 654 713 749 785 821 
36 138 178 185 222 253 293 395 411 438 497 512 570 606 614 655 714 750 786 822 
37 139 179 186 223 254 294 360 412 439 498 513 571 607 615 656 715 751 787 823 
38 140 144 187 224 255 295 361 413 440 499 514 572 608 616 657 716 752 788 824 
39 141 145 188 225 256 296 362 414 441 500 515 573 609 617 658 717 753 789 825 
40 142 146 189 226 257 297 363 415 442 501 516 574 610 618 659 718 754 790 826 
41 143 147 190 227 258 298 364 416 443 502 517 575 611 619 660 719 755 791 827 
15 45 83 112 175 237 319 348 379 421 441 477 518 546 600 628 679 699 792 828 
16 46 84 113 176 238 320 349 380 422 442 478 519 547 601 629 680 700 793 829 
17 47 85 114 177 239 321 350 381 423 443 479 520 548 602 630 681 701 794 830 
18 48 86 115 178 240 322 351 382 424 444 480 521 549 603 631 682 702 795 831 
19 49 87 116 179 241 323 352 383 425 445 481 522 550 604 632 683 703 796 832 
20 50 88 117 144 242 288 353 384 426 446 482 523 551 605 633 648 704 797 833 
21 51 89 118 145 243 289 354 385 427 447 483 524 552 606 634 649 705 798 834 
22 52 90 119 146 244 290 355 386 428 448 484 525 553 607 635 650 706 799 835 
23 53 91 120 147 245 291 356 387 429 449 485 526 554 608 636 651 707 800 836 
24 54 92 121 148 246 292 357 388 430 450 486 527 555 609 637 652 708 801 837 
25 55 93 122 149 247 293 358 389 431 451 487 528 556 610 638 653 709 802 838 
26 56 94 123 150 248 294 359 390 396 452 488 529 557 611 639 654 710 803 839 
27 57 95 124 151 249 295 324 391 397 453 489 530 558 576 640 655 711 804 840 
28 58 96 125 152 250 296 325 392 398 454 490 531 559 577 641 656 712 805 841 
29 59 97 126 153 251 297 326 393 399 455 491 532 560 578 642 657 713 806 842 
30 60 98 127 154 216 298 327 394 400 456 492 533 561 579 643 658 714 807 843 
31 61 99 128 155 217 299 328 395 401 457 493 534 562 580 644 659 715 808 844 
32 62 100 129 156 218 300 329 360 402 458 494 535 563 581 645 660 716 809 845 
33 63 101 130 157 219 301 330 361 403 459 495 536 564 582 646 661 717 810 846 
34 64 102 131 158 220 302 331 362 404 460 496 537 565 583 647 662 718 811 847 
35 65 103 132 159 221 303 332 363 405 461 497 538 566 584 612 663 719 812 848 
0 66 104 133 160 222 304 333 364 406 462 498 539 567 585 613 664 684 813 849 
1 67 105 134 161 223 305 334 365 407 463 499 504 568 586 614 665 685 814 850 
2 68 106 135 162 224 306 335 366 408 464 500 505 569 587 615 666 686 815 851 
3 69 107 136 163 225 307 336 367 409 465 501 506 570 588 616 667 687 816 852 
4 70 72 137 164 226 308 337 368 410 466 502 507 571 589 617 668 688 817 853 
5 71 73 138 165 227 309 338 369 411 467 503 508 572 590 618 669 689 818 854 
6 36 74 139 166 228 310 339 370 412 432 468 509 573 591 619 670 690 819 855 
7 37 75 140 167 229 311 340 371 413 433 469 510 574 592 620 671 691 820 856 
8 38 76 141 168 230 312 341 372 414 434 470 511 575 593 621 672 692 821 857 
9 39 77 142 169 231 313 342 373 415 435 471 512 540 594 622 673 693 822 858 
10 40 78 143 170 232 314 343 374 416 436 472 513 541 595 623 674 694 823 859 
11 41 79 108 171 233 315 344 375 417 437 473 514 542 596 624 675 695 824 860 
12 42 80 109 172 234 316 345 376 418 438 474 515 543 597 625 676 696 825 861 
13 43 81 110 173 235 317 346 377 419 439 475 516 544 598 626 677 697 826 862 
14 44 82 111 174 236 318 347 378 420 440 476 517 545 599 627 678 698 827 863 
14 86 123 180 229 262 299 344 377 414 461 488 525 570 588 632 659 714 728 828 
15 87 124 181 230 263 300 345 378 415 462 489 526 571 589 633 660 715 729 829 
16 88 125 182 231 264 301 346 379 416 463 490 527 572 590 634 661 716 730 830 
17 89 126 183 232 265 302 347 380 417 464 491 528 573 591 635 662 717 731 831 
18 90 127 184 233 266 303 348 381 418 465 492 529 574 592 636 663 718 732 832 
19 91 128 185 234 267 304 349 382 419 466 493 530 575 593 637 664 719 733 833 
20 92 129 186 235 268 305 350 383 420 467 494 531 540 594 638 665 684 734 834 
21 93 130 187 236 269 306 351 384 421 432 495 532 541 595 639 666 685 735 835 
22 94 131 188 237 270 307 352 385 422 433 496 533 542 596 640 667 686 736 836 
23 95 132 189 238 271 308 353 386 423 434 497 534 543 597 641 668 687 737 837 
24 96 133 190 239 272 309 354 387 424 435 498 535 544 598 642 669 688 738 838 
25 97 134 191 240 273 310 355 388 425 436 499 536 545 599 643 670 689 739 839 
26 98 135 192 241 274 311 356 389 426 437 500 537 546 600 644 671 690 740 840 
27 99 136 193 242 275 312 357 390 427 438 501 538 547 601 645 672 691 741 841 
28 100 137 194 243 276 313 358 391 428 439 502 539 548 602 646 673 692 742 842 
29 101 138 195 244 277 314 359 392 429 440 503 504 549 603 647 674 693 743 843 
30 102 139 196 245 278 315 324 393 430 441 468 505 550 604 612 675 694 744 844 
31 103 140 197 246 279 316 325 394 431 442 469 506 551 605 613 676 695 745 845 
32 104 141 198 247 280 317 326 395 396 443 470 507 552 606 614 677 696 746 846 
33 105 142 199 248 281 318 327 360 397 444 471 508 553 607 615 678 697 747 847 
34 106 143 200 249 282 319 328 361 398 445 472 509 554 608 616 679 698 748 848 
35 107 108 201 250 283 320 329 362 399 446 473 510 555 609 617 680 699 749 849 
0 72 109 202 251 284 321 330 363 400 447 474 511 556 610 618 681 700 750 850 
1 73 110 203 216 285 322 331 364 401 448 475 512 557 611 619 682 701 751 851 
2 74 111 204 217 286 323 332 365 402 449 476 513 558 576 620 683 702 752 852 
3 75 112 205 218 287 288 333 366 403 450 477 514 559 577 621 648 703 753 853 
4 76 113 206 219 252 289 334 367 404 451 478 515 560 578 622 649 704 754 854 
5 77 114 207 220 253 290 335 368 405 452 479 516 561 579 623 650 705 755 855 
6 78 115 208 221 254 291 336 369 406 453 480 517 562 580 624 651 706 720 856 
7 79 116 209 222 255 292 337 370 407 454 481 518 563 581 625 652 707 721 857 
8 80 117 210 223 256 293 338 371 408 455 482 519 564 582 626 653 708 722 858 
9 81 118 211 224 257 294 339 372 409 456 483 520 565 583 627 654 709 723 859 
10 82 119 212 225 258 295 340 373 410 457 484 521 566 584 628 655 710 724 860 
11 83 120 213 226 259 296 341 374 411 458 485 522 567 585 629 656 711 725 861 
12 84 121 214 227 260 297 342 375 412 459 486 523 568 586 630 657 712 726 862 
13 85 122 215 228 261 298 343 376 413 460 487 524 569 587 631 658 713 727 863 

