54 113 335 363 487 520 
55 114 336 364 488 521 
56 115 337 365 489 522 
57 116 338 366 490 523 
58 117 339 367 491 524 
59 118 340 368 492 525 
60 119 341 369 493 526 
61 80 342 370 494 527 
62 81 343 371 495 528 
63 82 344 372 496 529 
64 83 345 373 497 530 
65 84 346 374 498 531 
66 85 347 375 499 532 
67 86 348 376 500 533 
68 87 349 377 501 534 
69 88 350 378 502 535 
70 89 351 379 503 536 
71 90 352 380 504 537 
72 91 353 381 505 538 
73 92 354 382 506 539 
74 93 355 383 507 540 
75 94 356 384 508 541 
76 95 357 385 509 542 
77 96 358 386 510 543 
78 97 359 387 511 544 
79 98 320 388 512 545 
40 99 321 389 513 546 
41 100 322 390 514 547 
42 101 323 391 515 548 
43 102 324 392 516 549 
44 103 325 393 517 550 
45 104 326 394 518 551 
46 105 327 395 519 552 
47 106 328 396 480 553 
48 107 329 397 481 554 
49 108 330 398 482 555 
50 109 331 399 483 556 
51 110 332 360 484 557 
52 111 333 361 485 558 
53 112 334 362 486 559 
21 87 345 385 600 640 
22 88 346 386 601 641 
23 89 347 387 602 642 
24 90 348 388 603 643 
25 91 349 389 604 644 
26 92 350 390 605 645 
27 93 351 391 606 646 
28 94 352 392 607 647 
29 95 353 393 608 648 
30 96 354 394 609 649 
31 97 355 395 610 650 
32 98 356 396 611 651 
33 99 357 397 612 652 
34 100 358 398 613 653 
35 101 359 399 614 654 
36 102 320 360 615 655 
37 103 321 361 616 656 
38 104 322 362 617 657 
39 105 323 363 618 658 
0 106 324 364 619 659 
1 107 325 365 620 660 
2 108 326 366 621 661 
3 109 327 367 622 662 
4 110 328 368 623 663 
5 111 329 369 624 664 
6 112 330 370 625 665 
7 113 331 371 626 666 
8 114 332 372 627 667 
9 115 333 373 628 668 
10 116 334 374 629 669 
11 117 335 375 630 670 
12 118 336 376 631 671 
13 119 337 377 632 672 
14 80 338 378 633 673 
15 81 339 379 634 674 
16 82 340 380 635 675 
17 83 341 381 636 676 
18 84 342 382 637 677 
19 85 343 383 638 678 
20 86 344 384 639 679 
119 244 361 432 640 680 
80 245 362 433 641 681 
81 246 363 434 642 682 
82 247 364 435 643 683 
83 248 365 436 644 684 
84 249 366 437 645 685 
85 250 367 438 646 686 
86 251 368 439 647 687 
87 252 369 400 648 688 
88 253 370 401 649 689 
89 254 371 402 650 690 
90 255 372 403 651 691 
91 256 373 404 652 692 
92 257 374 405 653 693 
93 258 375 406 654 694 
94 259 376 407 655 695 
95 260 377 408 656 696 
96 261 378 409 657 697 
97 262 379 410 658 698 
98 263 380 411 659 699 
99 264 381 412 660 700 
100 265 382 413 661 701 
101 266 383 414 662 702 
102 267 384 415 663 703 
103 268 385 416 664 704 
104 269 386 417 665 705 
105 270 387 418 666 706 
106 271 388 419 667 707 
107 272 389 420 668 708 
108 273 390 421 669 709 
109 274 391 422 670 710 
110 275 392 423 671 711 
111 276 393 424 672 712 
112 277 394 425 673 713 
113 278 395 426 674 714 
114 279 396 427 675 715 
115 240 397 428 676 716 
116 241 398 429 677 717 
117 242 399 430 678 718 
118 243 360 431 679 719 
95 133 374 418 720 760 
96 134 375 419 721 761 
97 135 376 420 722 762 
98 136 377 421 723 763 
99 137 378 422 724 764 
100 138 379 423 725 765 
101 139 380 424 726 766 
102 140 381 425 727 767 
103 141 382 426 728 768 
104 142 383 427 729 769 
105 143 384 428 730 770 
106 144 385 429 731 771 
107 145 386 430 732 772 
108 146 387 431 733 773 
109 147 388 432 734 774 
110 148 389 433 735 775 
111 149 390 434 736 776 
112 150 391 435 737 777 
113 151 392 436 738 778 
114 152 393 437 739 779 
115 153 394 438 740 780 
116 154 395 439 741 781 
117 155 396 400 742 782 
118 156 397 401 743 783 
119 157 398 402 744 784 
80 158 399 403 745 785 
81 159 360 404 746 786 
82 120 361 405 747 787 
83 121 362 406 748 788 
84 122 363 407 749 789 
85 123 364 408 750 790 
86 124 365 409 751 791 
87 125 366 410 752 792 
88 126 367 411 753 793 
89 127 368 412 754 794 
90 128 369 413 755 795 
91 129 370 414 756 796 
92 130 371 415 757 797 
93 131 372 416 758 798 
94 132 373 417 759 799 
51 113 242 367 760 800 
52 114 243 368 761 801 
53 115 244 369 762 802 
54 116 245 370 763 803 
55 117 246 371 764 804 
56 118 247 372 765 805 
57 119 248 373 766 806 
58 80 249 374 767 807 
59 81 250 375 768 808 
60 82 251 376 769 809 
61 83 252 377 770 810 
62 84 253 378 771 811 
63 85 254 379 772 812 
64 86 255 380 773 813 
65 87 256 381 774 814 
66 88 257 382 775 815 
67 89 258 383 776 816 
68 90 259 384 777 817 
69 91 260 385 778 818 
70 92 261 386 779 819 
71 93 262 387 780 820 
72 94 263 388 781 821 
73 95 264 389 782 822 
74 96 265 390 783 823 
75 97 266 391 784 824 
76 98 267 392 785 825 
77 99 268 393 786 826 
78 100 269 394 787 827 
79 101 270 395 788 828 
40 102 271 396 789 829 
41 103 272 397 790 830 
42 104 273 398 791 831 
43 105 274 399 792 832 
44 106 275 360 793 833 
45 107 276 361 794 834 
46 108 277 362 795 835 
47 109 278 363 796 836 
48 110 279 364 797 837 
49 111 240 365 798 838 
50 112 241 366 799 839 
214 299 430 472 840 880 
215 300 431 473 841 881 
216 301 432 474 842 882 
217 302 433 475 843 883 
218 303 434 476 844 884 
219 304 435 477 845 885 
220 305 436 478 846 886 
221 306 437 479 847 887 
222 307 438 440 848 888 
223 308 439 441 849 889 
224 309 400 442 850 890 
225 310 401 443 851 891 
226 311 402 444 852 892 
227 312 403 445 853 893 
228 313 404 446 854 894 
229 314 405 447 855 895 
230 315 406 448 856 896 
231 316 407 449 857 897 
232 317 408 450 858 898 
233 318 409 451 859 899 
234 319 410 452 860 900 
235 280 411 453 861 901 
236 281 412 454 862 902 
237 282 413 455 863 903 
238 283 414 456 864 904 
239 284 415 457 865 905 
200 285 416 458 866 906 
201 286 417 459 867 907 
202 287 418 460 868 908 
203 288 419 461 869 909 
204 289 420 462 870 910 
205 290 421 463 871 911 
206 291 422 464 872 912 
207 292 423 465 873 913 
208 293 424 466 874 914 
209 294 425 467 875 915 
210 295 426 468 876 916 
211 296 427 469 877 917 
212 297 428 470 878 918 
213 298 429 471 879 919 
87 145 359 369 880 920 
88 146 320 370 881 921 
89 147 321 371 882 922 
90 148 322 372 883 923 
91 149 323 373 884 924 
92 150 324 374 885 925 
93 151 325 375 886 926 
94 152 326 376 887 927 
95 153 327 377 888 928 
96 154 328 378 889 929 
97 155 329 379 890 930 
98 156 330 380 891 931 
99 157 331 381 892 932 
100 158 332 382 893 933 
101 159 333 383 894 934 
102 120 334 384 895 935 
103 121 335 385 896 936 
104 122 336 386 897 937 
105 123 337 387 898 938 
106 124 338 388 899 939 
107 125 339 389 900 940 
108 126 340 390 901 941 
109 127 341 391 902 942 
110 128 342 392 903 943 
111 129 343 393 904 944 
112 130 344 394 905 945 
113 131 345 395 906 946 
114 132 346 396 907 947 
115 133 347 397 908 948 
116 134 348 398 909 949 
117 135 349 399 910 950 
118 136 350 360 911 951 
119 137 351 361 912 952 
80 138 352 362 913 953 
81 139 353 363 914 954 
82 140 354 364 915 955 
83 141 355 365 916 956 
84 142 356 366 917 957 
85 143 357 367 918 958 
86 144 358 368 919 959 
3 226 281 466 487 920 
4 227 282 467 488 921 
5 228 283 468 489 922 
6 229 284 469 490 923 
7 230 285 470 491 924 
8 231 286 471 492 925 
9 232 287 472 493 926 
10 233 288 473 494 927 
11 234 289 474 495 928 
12 235 290 475 496 929 
13 236 291 476 497 930 
14 237 292 477 498 931 
15 238 293 478 499 932 
16 239 294 479 500 933 
17 200 295 440 501 934 
18 201 296 441 502 935 
19 202 297 442 503 936 
20 203 298 443 504 937 
21 204 299 444 505 938 
22 205 300 445 506 939 
23 206 301 446 507 940 
24 207 302 447 508 941 
25 208 303 448 509 942 
26 209 304 449 510 943 
27 210 305 450 511 944 
28 211 306 451 512 945 
29 212 307 452 513 946 
30 213 308 453 514 947 
31 214 309 454 515 948 
32 215 310 455 516 949 
33 216 311 456 517 950 
34 217 312 457 518 951 
35 218 313 458 519 952 
36 219 314 459 480 953 
37 220 315 460 481 954 
38 221 316 461 482 955 
39 222 317 462 483 956 
0 223 318 463 484 957 
1 224 319 464 485 958 
2 225 280 465 486 959 
67 222 279 289 452 520 560 
68 223 240 290 453 521 561 
69 224 241 291 454 522 562 
70 225 242 292 455 523 563 
71 226 243 293 456 524 564 
72 227 244 294 457 525 565 
73 228 245 295 458 526 566 
74 229 246 296 459 527 567 
75 230 247 297 460 528 568 
76 231 248 298 461 529 569 
77 232 249 299 462 530 570 
78 233 250 300 463 531 571 
79 234 251 301 464 532 572 
40 235 252 302 465 533 573 
41 236 253 303 466 534 574 
42 237 254 304 467 535 575 
43 238 255 305 468 536 576 
44 239 256 306 469 537 577 
45 200 257 307 470 538 578 
46 201 258 308 471 539 579 
47 202 259 309 472 540 580 
48 203 260 310 473 541 581 
49 204 261 311 474 542 582 
50 205 262 312 475 543 583 
51 206 263 313 476 544 584 
52 207 264 314 477 545 585 
53 208 265 315 478 546 586 
54 209 266 316 479 547 587 
55 210 267 317 440 548 588 
56 211 268 318 441 549 589 
57 212 269 319 442 550 590 
58 213 270 280 443 551 591 
59 214 271 281 444 552 592 
60 215 272 282 445 553 593 
61 216 273 283 446 554 594 
62 217 274 284 447 555 595 
63 218 275 285 448 556 596 
64 219 276 286 449 557 597 
65 220 277 287 450 558 598 
66 221 278 288 451 559 599 
144 182 201 313 440 560 600 
145 183 202 314 441 561 601 
146 184 203 315 442 562 602 
147 185 204 316 443 563 603 
148 186 205 317 444 564 604 
149 187 206 318 445 565 605 
150 188 207 319 446 566 606 
151 189 208 280 447 567 607 
152 190 209 281 448 568 608 
153 191 210 282 449 569 609 
154 192 211 283 450 570 610 
155 193 212 284 451 571 611 
156 194 213 285 452 572 612 
157 195 214 286 453 573 613 
158 196 215 287 454 574 614 
159 197 216 288 455 575 615 
120 198 217 289 456 576 616 
121 199 218 290 457 577 617 
122 160 219 291 458 578 618 
123 161 220 292 459 579 619 
124 162 221 293 460 580 620 
125 163 222 294 461 581 621 
126 164 223 295 462 582 622 
127 165 224 296 463 583 623 
128 166 225 297 464 584 624 
129 167 226 298 465 585 625 
130 168 227 299 466 586 626 
131 169 228 300 467 587 627 
132 170 229 301 468 588 628 
133 171 230 302 469 589 629 
134 172 231 303 470 590 630 
135 173 232 304 471 591 631 
136 174 233 305 472 592 632 
137 175 234 306 473 593 633 
138 176 235 307 474 594 634 
139 177 236 308 475 595 635 
140 178 237 309 476 596 636 
141 179 238 310 477 597 637 
142 180 239 311 478 598 638 
143 181 200 312 479 599 639 
166 200 282 479 480 680 720 
167 201 283 440 481 681 721 
168 202 284 441 482 682 722 
169 203 285 442 483 683 723 
170 204 286 443 484 684 724 
171 205 287 444 485 685 725 
172 206 288 445 486 686 726 
173 207 289 446 487 687 727 
174 208 290 447 488 688 728 
175 209 291 448 489 689 729 
176 210 292 449 490 690 730 
177 211 293 450 491 691 731 
178 212 294 451 492 692 732 
179 213 295 452 493 693 733 
180 214 296 453 494 694 734 
181 215 297 454 495 695 735 
182 216 298 455 496 696 736 
183 217 299 456 497 697 737 
184 218 300 457 498 698 738 
185 219 301 458 499 699 739 
186 220 302 459 500 700 740 
187 221 303 460 501 701 741 
188 222 304 461 502 702 742 
189 223 305 462 503 703 743 
190 224 306 463 504 704 744 
191 225 307 464 505 705 745 
192 226 308 465 506 706 746 
193 227 309 466 507 707 747 
194 228 310 467 508 708 748 
195 229 311 468 509 709 749 
196 230 312 469 510 710 750 
197 231 313 470 511 711 751 
198 232 314 471 512 712 752 
199 233 315 472 513 713 753 
160 234 316 473 514 714 754 
161 235 317 474 515 715 755 
162 236 318 475 516 716 756 
163 237 319 476 517 717 757 
164 238 280 477 518 718 758 
165 239 281 478 519 719 759 
12 163 224 283 451 800 840 
13 164 225 284 452 801 841 
14 165 226 285 453 802 842 
15 166 227 286 454 803 843 
16 167 228 287 455 804 844 
17 168 229 288 456 805 845 
18 169 230 289 457 806 846 
19 170 231 290 458 807 847 
20 171 232 291 459 808 848 
21 172 233 292 460 809 849 
22 173 234 293 461 810 850 
23 174 235 294 462 811 851 
24 175 236 295 463 812 852 
25 176 237 296 464 813 853 
26 177 238 297 465 814 854 
27 178 239 298 466 815 855 
28 179 200 299 467 816 856 
29 180 201 300 468 817 857 
30 181 202 301 469 818 858 
31 182 203 302 470 819 859 
32 183 204 303 471 820 860 
33 184 205 304 472 821 861 
34 185 206 305 473 822 862 
35 186 207 306 474 823 863 
36 187 208 307 475 824 864 
37 188 209 308 476 825 865 
38 189 210 309 477 826 866 
39 190 211 310 478 827 867 
0 191 212 311 479 828 868 
1 192 213 312 440 829 869 
2 193 214 313 441 830 870 
3 194 215 314 442 831 871 
4 195 216 315 443 832 872 
5 196 217 316 444 833 873 
6 197 218 317 445 834 874 
7 198 219 318 446 835 875 
8 199 220 319 447 836 876 
9 160 221 280 448 837 877 
10 161 222 281 449 838 878 
11 162 223 282 450 839 879 

