1 65 95 167 204 291 324 368 406 452 482 553 565 600 676 700 724 797 800 840 
2 66 96 168 205 292 325 369 407 453 483 554 566 601 677 701 725 798 801 841 
3 67 97 169 206 293 326 370 408 454 484 555 567 602 678 702 726 799 802 842 
4 68 98 170 207 294 327 371 409 455 485 556 568 603 679 703 727 760 803 843 
5 69 99 171 208 295 328 372 410 456 486 557 569 604 640 704 728 761 804 844 
6 70 100 172 209 296 329 373 411 457 487 558 570 605 641 705 729 762 805 845 
7 71 101 173 210 297 330 374 412 458 488 559 571 606 642 706 730 763 806 846 
8 72 102 174 211 298 331 375 413 459 489 520 572 607 643 707 731 764 807 847 
9 73 103 175 212 299 332 376 414 460 490 521 573 608 644 708 732 765 808 848 
10 74 104 176 213 300 333 377 415 461 491 522 574 609 645 709 733 766 809 849 
11 75 105 177 214 301 334 378 416 462 492 523 575 610 646 710 734 767 810 850 
12 76 106 178 215 302 335 379 417 463 493 524 576 611 647 711 735 768 811 851 
13 77 107 179 216 303 336 380 418 464 494 525 577 612 648 712 736 769 812 852 
14 78 108 180 217 304 337 381 419 465 495 526 578 613 649 713 737 770 813 853 
15 79 109 181 218 305 338 382 420 466 496 527 579 614 650 714 738 771 814 854 
16 40 110 182 219 306 339 383 421 467 497 528 580 615 651 715 739 772 815 855 
17 41 111 183 220 307 340 384 422 468 498 529 581 616 652 716 740 773 816 856 
18 42 112 184 221 308 341 385 423 469 499 530 582 617 653 717 741 774 817 857 
19 43 113 185 222 309 342 386 424 470 500 531 583 618 654 718 742 775 818 858 
20 44 114 186 223 310 343 387 425 471 501 532 584 619 655 719 743 776 819 859 
21 45 115 187 224 311 344 388 426 472 502 533 585 620 656 680 744 777 820 860 
22 46 116 188 225 312 345 389 427 473 503 534 586 621 657 681 745 778 821 861 
23 47 117 189 226 313 346 390 428 474 504 535 587 622 658 682 746 779 822 862 
24 48 118 190 227 314 347 391 429 475 505 536 588 623 659 683 747 780 823 863 
25 49 119 191 228 315 348 392 430 476 506 537 589 624 660 684 748 781 824 864 
26 50 80 192 229 316 349 393 431 477 507 538 590 625 661 685 749 782 825 865 
27 51 81 193 230 317 350 394 432 478 508 539 591 626 662 686 750 783 826 866 
28 52 82 194 231 318 351 395 433 479 509 540 592 627 663 687 751 784 827 867 
29 53 83 195 232 319 352 396 434 440 510 541 593 628 664 688 752 785 828 868 
30 54 84 196 233 280 353 397 435 441 511 542 594 629 665 689 753 786 829 869 
31 55 85 197 234 281 354 398 436 442 512 543 595 630 666 690 754 787 830 870 
32 56 86 198 235 282 355 399 437 443 513 544 596 631 667 691 755 788 831 871 
33 57 87 199 236 283 356 360 438 444 514 545 597 632 668 692 756 789 832 872 
34 58 88 160 237 284 357 361 439 445 515 546 598 633 669 693 757 790 833 873 
35 59 89 161 238 285 358 362 400 446 516 547 599 634 670 694 758 791 834 874 
36 60 90 162 239 286 359 363 401 447 517 548 560 635 671 695 759 792 835 875 
37 61 91 163 200 287 320 364 402 448 518 549 561 636 672 696 720 793 836 876 
38 62 92 164 201 288 321 365 403 449 519 550 562 637 673 697 721 794 837 877 
39 63 93 165 202 289 322 366 404 450 480 551 563 638 674 698 722 795 838 878 
0 64 94 166 203 290 323 367 405 451 481 552 564 639 675 699 723 796 839 879 
46 156 160 207 252 319 327 401 461 492 551 574 632 640 684 729 760 800 840 880 
47 157 161 208 253 280 328 402 462 493 552 575 633 641 685 730 761 801 841 881 
48 158 162 209 254 281 329 403 463 494 553 576 634 642 686 731 762 802 842 882 
49 159 163 210 255 282 330 404 464 495 554 577 635 643 687 732 763 803 843 883 
50 120 164 211 256 283 331 405 465 496 555 578 636 644 688 733 764 804 844 884 
51 121 165 212 257 284 332 406 466 497 556 579 637 645 689 734 765 805 845 885 
52 122 166 213 258 285 333 407 467 498 557 580 638 646 690 735 766 806 846 886 
53 123 167 214 259 286 334 408 468 499 558 581 639 647 691 736 767 807 847 887 
54 124 168 215 260 287 335 409 469 500 559 582 600 648 692 737 768 808 848 888 
55 125 169 216 261 288 336 410 470 501 520 583 601 649 693 738 769 809 849 889 
56 126 170 217 262 289 337 411 471 502 521 584 602 650 694 739 770 810 850 890 
57 127 171 218 263 290 338 412 472 503 522 585 603 651 695 740 771 811 851 891 
58 128 172 219 264 291 339 413 473 504 523 586 604 652 696 741 772 812 852 892 
59 129 173 220 265 292 340 414 474 505 524 587 605 653 697 742 773 813 853 893 
60 130 174 221 266 293 341 415 475 506 525 588 606 654 698 743 774 814 854 894 
61 131 175 222 267 294 342 416 476 507 526 589 607 655 699 744 775 815 855 895 
62 132 176 223 268 295 343 417 477 508 527 590 608 656 700 745 776 816 856 896 
63 133 177 224 269 296 344 418 478 509 528 591 609 657 701 746 777 817 857 897 
64 134 178 225 270 297 345 419 479 510 529 592 610 658 702 747 778 818 858 898 
65 135 179 226 271 298 346 420 440 511 530 593 611 659 703 748 779 819 859 899 
66 136 180 227 272 299 347 421 441 512 531 594 612 660 704 749 780 820 860 900 
67 137 181 228 273 300 348 422 442 513 532 595 613 661 705 750 781 821 861 901 
68 138 182 229 274 301 349 423 443 514 533 596 614 662 706 751 782 822 862 902 
69 139 183 230 275 302 350 424 444 515 534 597 615 663 707 752 783 823 863 903 
70 140 184 231 276 303 351 425 445 516 535 598 616 664 708 753 784 824 864 904 
71 141 185 232 277 304 352 426 446 517 536 599 617 665 709 754 785 825 865 905 
72 142 186 233 278 305 353 427 447 518 537 560 618 666 710 755 786 826 866 906 
73 143 187 234 279 306 354 428 448 519 538 561 619 667 711 756 787 827 867 907 
74 144 188 235 240 307 355 429 449 480 539 562 620 668 712 757 788 828 868 908 
75 145 189 236 241 308 356 430 450 481 540 563 621 669 713 758 789 829 869 909 
76 146 190 237 242 309 357 431 451 482 541 564 622 670 714 759 790 830 870 910 
77 147 191 238 243 310 358 432 452 483 542 565 623 671 715 720 791 831 871 911 
78 148 192 239 244 311 359 433 453 484 543 566 624 672 716 721 792 832 872 912 
79 149 193 200 245 312 320 434 454 485 544 567 625 673 717 722 793 833 873 913 
40 150 194 201 246 313 321 435 455 486 545 568 626 674 718 723 794 834 874 914 
41 151 195 202 247 314 322 436 456 487 546 569 627 675 719 724 795 835 875 915 
42 152 196 203 248 315 323 437 457 488 547 570 628 676 680 725 796 836 876 916 
43 153 197 204 249 316 324 438 458 489 548 571 629 677 681 726 797 837 877 917 
44 154 198 205 250 317 325 439 459 490 549 572 630 678 682 727 798 838 878 918 
45 155 199 206 251 318 326 400 460 491 550 573 631 679 683 728 799 839 879 919 
11 41 83 124 187 261 351 384 411 461 481 529 566 638 660 688 747 775 880 920 
12 42 84 125 188 262 352 385 412 462 482 530 567 639 661 689 748 776 881 921 
13 43 85 126 189 263 353 386 413 463 483 531 568 600 662 690 749 777 882 922 
14 44 86 127 190 264 354 387 414 464 484 532 569 601 663 691 750 778 883 923 
15 45 87 128 191 265 355 388 415 465 485 533 570 602 664 692 751 779 884 924 
16 46 88 129 192 266 356 389 416 466 486 534 571 603 665 693 752 780 885 925 
17 47 89 130 193 267 357 390 417 467 487 535 572 604 666 694 753 781 886 926 
18 48 90 131 194 268 358 391 418 468 488 536 573 605 667 695 754 782 887 927 
19 49 91 132 195 269 359 392 419 469 489 537 574 606 668 696 755 783 888 928 
20 50 92 133 196 270 320 393 420 470 490 538 575 607 669 697 756 784 889 929 
21 51 93 134 197 271 321 394 421 471 491 539 576 608 670 698 757 785 890 930 
22 52 94 135 198 272 322 395 422 472 492 540 577 609 671 699 758 786 891 931 
23 53 95 136 199 273 323 396 423 473 493 541 578 610 672 700 759 787 892 932 
24 54 96 137 160 274 324 397 424 474 494 542 579 611 673 701 720 788 893 933 
25 55 97 138 161 275 325 398 425 475 495 543 580 612 674 702 721 789 894 934 
26 56 98 139 162 276 326 399 426 476 496 544 581 613 675 703 722 790 895 935 
27 57 99 140 163 277 327 360 427 477 497 545 582 614 676 704 723 791 896 936 
28 58 100 141 164 278 328 361 428 478 498 546 583 615 677 705 724 792 897 937 
29 59 101 142 165 279 329 362 429 479 499 547 584 616 678 706 725 793 898 938 
30 60 102 143 166 240 330 363 430 440 500 548 585 617 679 707 726 794 899 939 
31 61 103 144 167 241 331 364 431 441 501 549 586 618 640 708 727 795 900 940 
32 62 104 145 168 242 332 365 432 442 502 550 587 619 641 709 728 796 901 941 
33 63 105 146 169 243 333 366 433 443 503 551 588 620 642 710 729 797 902 942 
34 64 106 147 170 244 334 367 434 444 504 552 589 621 643 711 730 798 903 943 
35 65 107 148 171 245 335 368 435 445 505 553 590 622 644 712 731 799 904 944 
36 66 108 149 172 246 336 369 436 446 506 554 591 623 645 713 732 760 905 945 
37 67 109 150 173 247 337 370 437 447 507 555 592 624 646 714 733 761 906 946 
38 68 110 151 174 248 338 371 438 448 508 556 593 625 647 715 734 762 907 947 
39 69 111 152 175 249 339 372 439 449 509 557 594 626 648 716 735 763 908 948 
0 70 112 153 176 250 340 373 400 450 510 558 595 627 649 717 736 764 909 949 
1 71 113 154 177 251 341 374 401 451 511 559 596 628 650 718 737 765 910 950 
2 72 114 155 178 252 342 375 402 452 512 520 597 629 651 719 738 766 911 951 
3 73 115 156 179 253 343 376 403 453 513 521 598 630 652 680 739 767 912 952 
4 74 116 157 180 254 344 377 404 454 514 522 599 631 653 681 740 768 913 953 
5 75 117 158 181 255 345 378 405 455 515 523 560 632 654 682 741 769 914 954 
6 76 118 159 182 256 346 379 406 456 516 524 561 633 655 683 742 770 915 955 
7 77 119 120 183 257 347 380 407 457 517 525 562 634 656 684 743 771 916 956 
8 78 80 121 184 258 348 381 408 458 518 526 563 635 657 685 744 772 917 957 
9 79 81 122 185 259 349 382 409 459 519 527 564 636 658 686 745 773 918 958 
10 40 82 123 186 260 350 383 410 460 480 528 565 637 659 687 746 774 919 959 
10 90 135 236 253 290 331 380 413 450 509 532 577 630 644 692 731 786 800 920 
11 91 136 237 254 291 332 381 414 451 510 533 578 631 645 693 732 787 801 921 
12 92 137 238 255 292 333 382 415 452 511 534 579 632 646 694 733 788 802 922 
13 93 138 239 256 293 334 383 416 453 512 535 580 633 647 695 734 789 803 923 
14 94 139 200 257 294 335 384 417 454 513 536 581 634 648 696 735 790 804 924 
15 95 140 201 258 295 336 385 418 455 514 537 582 635 649 697 736 791 805 925 
16 96 141 202 259 296 337 386 419 456 515 538 583 636 650 698 737 792 806 926 
17 97 142 203 260 297 338 387 420 457 516 539 584 637 651 699 738 793 807 927 
18 98 143 204 261 298 339 388 421 458 517 540 585 638 652 700 739 794 808 928 
19 99 144 205 262 299 340 389 422 459 518 541 586 639 653 701 740 795 809 929 
20 100 145 206 263 300 341 390 423 460 519 542 587 600 654 702 741 796 810 930 
21 101 146 207 264 301 342 391 424 461 480 543 588 601 655 703 742 797 811 931 
22 102 147 208 265 302 343 392 425 462 481 544 589 602 656 704 743 798 812 932 
23 103 148 209 266 303 344 393 426 463 482 545 590 603 657 705 744 799 813 933 
24 104 149 210 267 304 345 394 427 464 483 546 591 604 658 706 745 760 814 934 
25 105 150 211 268 305 346 395 428 465 484 547 592 605 659 707 746 761 815 935 
26 106 151 212 269 306 347 396 429 466 485 548 593 606 660 708 747 762 816 936 
27 107 152 213 270 307 348 397 430 467 486 549 594 607 661 709 748 763 817 937 
28 108 153 214 271 308 349 398 431 468 487 550 595 608 662 710 749 764 818 938 
29 109 154 215 272 309 350 399 432 469 488 551 596 609 663 711 750 765 819 939 
30 110 155 216 273 310 351 360 433 470 489 552 597 610 664 712 751 766 820 940 
31 111 156 217 274 311 352 361 434 471 490 553 598 611 665 713 752 767 821 941 
32 112 157 218 275 312 353 362 435 472 491 554 599 612 666 714 753 768 822 942 
33 113 158 219 276 313 354 363 436 473 492 555 560 613 667 715 754 769 823 943 
34 114 159 220 277 314 355 364 437 474 493 556 561 614 668 716 755 770 824 944 
35 115 120 221 278 315 356 365 438 475 494 557 562 615 669 717 756 771 825 945 
36 116 121 222 279 316 357 366 439 476 495 558 563 616 670 718 757 772 826 946 
37 117 122 223 240 317 358 367 400 477 496 559 564 617 671 719 758 773 827 947 
38 118 123 224 241 318 359 368 401 478 497 520 565 618 672 680 759 774 828 948 
39 119 124 225 242 319 320 369 402 479 498 521 566 619 673 681 720 775 829 949 
0 80 125 226 243 280 321 370 403 440 499 522 567 620 674 682 721 776 830 950 
1 81 126 227 244 281 322 371 404 441 500 523 568 621 675 683 722 777 831 951 
2 82 127 228 245 282 323 372 405 442 501 524 569 622 676 684 723 778 832 952 
3 83 128 229 246 283 324 373 406 443 502 525 570 623 677 685 724 779 833 953 
4 84 129 230 247 284 325 374 407 444 503 526 571 624 678 686 725 780 834 954 
5 85 130 231 248 285 326 375 408 445 504 527 572 625 679 687 726 781 835 955 
6 86 131 232 249 286 327 376 409 446 505 528 573 626 640 688 727 782 836 956 
7 87 132 233 250 287 328 377 410 447 506 529 574 627 641 689 728 783 837 957 
8 88 133 234 251 288 329 378 411 448 507 530 575 628 642 690 729 784 838 958 
9 89 134 235 252 289 330 379 412 449 508 531 576 629 643 691 730 785 839 959 

